! 12C range in H8C8
! apply ZOOM for details
Energy (MeV/u)1	0 - [He-base] F.Hubert et al, AD&ND Tables 46(1990)1	Energy (MeV/u)2	1 - [H -base] J.F.Ziegler et al,Pergamon Press,NY(low energy)	Energy (MeV/u)3	2 - ATIMA 1.2 LS-theory (recommended for high energy)	Energy (MeV/u)4	3 - ATIMA 1.2 without LS-correction	Energy (MeV/u)5	4 - ATIMA 1.4 H.Weick, improved mean charge formula for HI	Energy (MeV/u)6	5 - Range straggling - method [0] - LISE	Energy (MeV/u)7	6 - Range straggling - method [1] - Atima	Energy (MeV/u)8	7 - Lateral range - method [0] - LISE	Energy (MeV/u)9	8 - Lateral range - method [1] - Atima	Energy (MeV/u)10	9 - Lateral range - method [2] - PDG	
0.001000	0.0547691 	0.001000	0.0547691 	0.001000	0.0559689 	0.001000	0.0559689 	0.001000	0.0559673 	0.001000	0         	0.001000	0         	0.001000	0.000544796	0.001000	0.000958163	0.001000	0.000442719	
0.002000	0.112415  	0.002000	0.109538  	0.002000	0.111938  	0.002000	0.111938  	0.002000	0.111935  	0.002000	0.00554682	0.002000	0.00554682	0.002000	0.00159533	0.002000	0.00271043	0.002000	0.00136725	
0.005000	0.266728  	0.005000	0.25615   	0.005000	0.262365  	0.005000	0.262365  	0.005000	0.262359  	0.005000	0.00670197	0.005000	0.00670197	0.005000	0.00593624	0.005000	0.00970514	0.005000	0.0053539 	
0.008000	0.40156   	0.008000	0.384254  	0.008000	0.393939  	0.008000	0.393939  	0.008000	0.393933  	0.008000	0.00675494	0.008000	0.00675494	0.008000	0.011109  	0.008000	0.0178396 	0.008000	0.0102345 	
0.010000	0.483964  	0.010000	0.462546  	0.010000	0.474312  	0.010000	0.474312  	0.010000	0.474305  	0.010000	0.00694125	0.010000	0.00694125	0.010000	0.0147907 	0.010000	0.0235603 	0.010000	0.0137517 	
0.015000	0.671367  	0.015000	0.640596  	0.015000	0.657312  	0.015000	0.657312  	0.015000	0.657304  	0.015000	0.00789398	0.015000	0.00789398	0.015000	0.0244563 	0.015000	0.0384125 	0.015000	0.0230878 	
0.020000	0.840478  	0.020000	0.801268  	0.020000	0.821035  	0.020000	0.821035  	0.020000	0.821027  	0.020000	0.00912613	0.020000	0.00912613	0.020000	0.034452  	0.020000	0.0536046 	0.020000	0.0328442 	
0.025000	0.994953  	0.025000	0.948034  	0.025000	0.969432  	0.025000	0.969432  	0.025000	0.969424  	0.025000	0.0103368 	0.025000	0.0103368 	0.025000	0.0444904 	0.025000	0.0687519 	0.025000	0.0427098 	
0.030000	1.13638   	0.030000	1.0824    	0.030000	1.10534   	0.030000	1.10534   	0.030000	1.10533   	0.030000	0.011433  	0.030000	0.011433  	0.030000	0.0542763 	0.030000	0.0833868 	0.030000	0.0525306 	
0.035000	1.26748   	0.035000	1.20697   	0.035000	1.23104   	0.035000	1.23104   	0.035000	1.23103   	0.035000	0.012404  	0.035000	0.012404  	0.035000	0.0637795 	0.035000	0.0974928 	0.035000	0.061095  	
0.040000	1.39029   	0.040000	1.32364   	0.040000	1.34834   	0.040000	1.34834   	0.040000	1.34833   	0.040000	0.0132635 	0.040000	0.0132635 	0.040000	0.0726488 	0.040000	0.110591  	0.040000	0.0679502 	
0.045000	1.5063    	0.045000	1.43386   	0.045000	1.45865   	0.045000	1.45865   	0.045000	1.45864   	0.045000	0.0140288 	0.045000	0.0140288 	0.045000	0.0799677 	0.045000	0.121368  	0.045000	0.0735949 	
0.050000	1.6167    	0.050000	1.53875   	0.050000	1.56307   	0.050000	1.56307   	0.050000	1.56306   	0.050000	0.0147155 	0.050000	0.0144815 	0.050000	0.0860257 	0.050000	0.130269  	0.050000	0.0784998 	
0.055000	1.72192   	0.055000	1.63872   	0.055000	1.66246   	0.055000	1.66246   	0.055000	1.66245   	0.055000	0.0153371 	0.055000	0.0147649 	0.055000	0.0913019 	0.055000	0.138002  	0.055000	0.0827442 	
0.060000	1.82224   	0.060000	1.73403   	0.060000	1.75754   	0.060000	1.75754   	0.060000	1.75753   	0.060000	0.0159045 	0.060000	0.015027  	0.060000	0.0959504 	0.060000	0.144797  	0.060000	0.0865053 	
0.070000	2.01088   	0.070000	1.91326   	0.070000	1.93701   	0.070000	1.93701   	0.070000	1.937     	0.070000	0.0169107 	0.070000	0.0155002 	0.070000	0.103834  	0.070000	0.156282  	0.070000	0.0929905 	
0.080000	2.18706   	0.080000	2.08065   	0.080000	2.10506   	0.080000	2.10506   	0.080000	2.10505   	0.080000	0.0177875 	0.080000	0.0159222 	0.080000	0.110393  	0.080000	0.165793  	0.080000	0.098429  	
0.090000	2.35392   	0.090000	2.23919   	0.090000	2.2643    	0.090000	2.2643    	0.090000	2.26429   	0.090000	0.0185705 	0.090000	0.0163074 	0.090000	0.116023  	0.090000	0.173921  	0.090000	0.103116  	
0.100000	2.51347   	0.100000	2.39077   	0.100000	2.41665   	0.100000	2.41665   	0.100000	2.41664   	0.100000	0.0192846 	0.100000	0.0166659 	0.100000	0.120979  	0.100000	0.181046  	0.100000	0.107276  	
0.120000	2.81654   	0.120000	2.67871   	0.120000	2.70617   	0.120000	2.70617   	0.120000	2.70616   	0.120000	0.0205718 	0.120000	0.0173295 	0.120000	0.129395  	0.120000	0.19307   	0.120000	0.114496  	
0.140000	3.10544   	0.140000	2.9532    	0.140000	2.98185   	0.140000	2.98185   	0.140000	2.98184   	0.140000	0.021741  	0.140000	0.0179519 	0.140000	0.136564  	0.140000	0.203229  	0.140000	0.120643  	
0.160000	3.38602   	0.160000	3.21978   	0.160000	3.24892   	0.160000	3.24892   	0.160000	3.24891   	0.160000	0.0228448 	0.160000	0.0185563 	0.160000	0.142935  	0.160000	0.212191  	0.160000	0.126103  	
0.180000	3.66278   	0.180000	3.48273   	0.180000	3.51085   	0.180000	3.51085   	0.180000	3.51084   	0.180000	0.0239156 	0.180000	0.0191572 	0.180000	0.148633  	0.180000	0.220141  	0.180000	0.131169  	
0.200000	3.93811   	0.200000	3.74431   	0.200000	3.77001   	0.200000	3.77001   	0.200000	3.77      	0.200000	0.0249739 	0.200000	0.0197642 	0.200000	0.15399   	0.200000	0.227568  	0.200000	0.135836  	
0.250000	4.62932   	0.250000	4.40103   	0.250000	4.41542   	0.250000	4.41542   	0.250000	4.41541   	0.250000	0.0276432 	0.250000	0.0213462 	0.250000	0.166135  	0.250000	0.244207  	0.250000	0.146701  	
0.300000	5.32824   	0.300000	5.06507   	0.300000	5.06762   	0.300000	5.06762   	0.300000	5.06761   	0.300000	0.0304214 	0.300000	0.0230683 	0.300000	0.177327  	0.300000	0.25932   	0.300000	0.15678   	
0.350000	6.02664   	0.350000	5.72862   	0.350000	5.73291   	0.350000	5.73291   	0.350000	5.7329    	0.350000	0.0333443 	0.350000	0.025072  	0.350000	0.187894  	0.350000	0.273402  	0.350000	0.166465  	
0.400000	6.72884   	0.400000	6.39578   	0.400000	6.41367   	0.400000	6.41367   	0.400000	6.41365   	0.400000	0.0364135 	0.400000	0.0273364 	0.400000	0.198092  	0.400000	0.286838  	0.400000	0.175949  	
0.450000	7.43792   	0.450000	7.06947   	0.450000	7.10668   	0.450000	7.10668   	0.450000	7.10667   	0.450000	0.0395664 	0.450000	0.0297643 	0.450000	0.208068  	0.450000	0.299867  	0.450000	0.185186  	
0.500000	8.15281   	0.500000	7.74869   	0.500000	7.81098   	0.500000	7.81098   	0.500000	7.81097   	0.500000	0.04278   	0.500000	0.0323019 	0.500000	0.217739  	0.500000	0.312373  	0.500000	0.19434   	
0.600000	9.61391   	0.600000	9.13687   	0.600000	9.25677   	0.600000	9.25677   	0.600000	9.25675   	0.600000	0.0494095 	0.600000	0.037634  	0.600000	0.236733  	0.600000	0.336671  	0.600000	0.212341  	
0.700000	11.1367   	0.700000	10.5837   	0.700000	10.7562   	0.700000	10.7562   	0.700000	10.7562   	0.700000	0.0563376 	0.700000	0.0432484 	0.700000	0.255415  	0.700000	0.360256  	0.700000	0.230252  	
0.800000	12.7225   	0.800000	12.0904   	0.800000	12.3132   	0.800000	12.3132   	0.800000	12.3132   	0.800000	0.0635978 	0.800000	0.0491176 	0.800000	0.27405   	0.800000	0.383513  	0.800000	0.248257  	
0.900000	14.3756   	0.900000	13.6609   	0.900000	13.9276   	0.900000	13.9276   	0.900000	13.9276   	0.900000	0.0711734 	0.900000	0.0551998 	0.900000	0.2927    	0.900000	0.406569  	0.900000	0.266383  	
1.000000	16.0972   	1.000000	15.2966   	1.000000	15.5991   	1.000000	15.5991   	1.000000	15.5991   	1.000000	0.0790557 	1.000000	0.0614723 	1.000000	0.311472  	1.000000	0.429583  	1.000000	0.284731  	
1.250000	20.6506   	1.250000	19.6228   	1.250000	20.0284   	1.250000	20.0284   	1.250000	20.0284   	1.250000	0.100104  	1.250000	0.0779368 	1.250000	0.358574  	1.250000	0.486469  	1.250000	0.331641  	
1.500000	25.5807   	1.500000	24.3068   	1.500000	24.8344   	1.500000	24.8344   	1.500000	24.8344   	1.500000	0.123329  	1.500000	0.0956743 	1.500000	0.406683  	1.500000	0.543619  	1.500000	0.374907  	
1.750000	30.9028   	1.750000	29.3633   	1.750000	30.0174   	1.750000	30.0174   	1.750000	30.0173   	1.750000	0.148721  	1.750000	0.114647  	1.750000	0.455562  	1.750000	0.60105   	1.750000	0.409546  	
2.000000	36.6241   	2.000000	34.7991   	2.000000	35.5717   	2.000000	35.5717   	2.000000	35.5717   	2.000000	0.17622   	2.000000	0.134795  	2.000000	0.493866  	2.000000	0.645131  	2.000000	0.446232  	
2.250000	42.7889   	2.250000	40.6563   	2.250000	41.4952   	2.250000	41.4952   	2.250000	41.4952   	2.250000	0.205821  	2.250000	0.156102  	2.250000	0.534401  	2.250000	0.691758  	2.250000	0.485014  	
2.500000	49.4038   	2.500000	46.944    	2.500000	47.7869   	2.500000	47.7869   	2.500000	47.7869   	2.500000	0.23754   	2.500000	0.178567  	2.500000	0.577179  	2.500000	0.740885  	2.500000	0.525927  	
3.000000	63.1901   	3.000000	60.7704   	3.000000	61.4729   	3.000000	61.4729   	3.000000	61.4729   	3.000000	0.307414  	3.000000	0.226986  	3.000000	0.669509  	3.000000	0.846501  	3.000000	0.614246  	
3.500000	78.5586   	3.500000	76.2269   	3.500000	76.6269   	3.500000	76.6269   	3.500000	76.6268   	3.500000	0.385984  	3.500000	0.2801    	3.500000	0.770879  	3.500000	0.961734  	3.500000	0.711298  	
4.000000	95.4878   	4.000000	93.2896   	4.000000	93.2447   	4.000000	93.2447   	4.000000	93.2446   	4.000000	0.473353  	4.000000	0.337932  	4.000000	0.881302  	4.000000	1.08641   	4.000000	0.817149  	
4.500000	113.958   	4.500000	111.937   	4.500000	111.321   	4.500000	111.321   	4.500000	111.321   	4.500000	0.569579  	4.500000	0.400446  	4.500000	1.00077   	4.500000	1.22038   	4.500000	0.931822  	
5.000000	133.95    	5.000000	132.155   	5.000000	130.85    	5.000000	130.85    	5.000000	130.85    	5.000000	0.674699  	5.000000	0.467601  	5.000000	1.12926   	5.000000	1.36353   	5.000000	1.05533   	
5.500000	155.448   	5.500000	153.922   	5.500000	151.825   	5.500000	151.825   	5.500000	151.825   	5.500000	0.788726  	5.500000	0.539367  	5.500000	1.26671   	5.500000	1.51569   	5.500000	1.18763   	
6.000000	178.435   	6.000000	177.213   	6.000000	174.239   	6.000000	174.239   	6.000000	174.239   	6.000000	0.911665  	6.000000	0.61571   	6.000000	1.41314   	6.000000	1.67681   	6.000000	1.32875   	
6.500000	202.897   	6.500000	202.019   	6.500000	198.085   	6.500000	198.085   	6.500000	198.085   	6.500000	1.04352   	6.500000	0.696592  	6.500000	1.56847   	6.500000	1.84675   	6.500000	1.47864   	
7.000000	228.819   	7.000000	228.335   	7.000000	223.356   	7.000000	223.356   	7.000000	223.356   	7.000000	1.18427   	7.000000	0.781975  	7.000000	1.7327    	7.000000	2.02545   	7.000000	1.63729   	
7.500000	256.189   	7.500000	256.152   	7.500000	250.045   	7.500000	250.045   	7.500000	250.045   	7.500000	1.33392   	7.500000	0.871823  	7.500000	1.9058    	7.500000	2.21281   	7.500000	1.80469   	
8.000000	284.993   	8.000000	285.466   	8.000000	278.146   	8.000000	278.146   	8.000000	278.146   	8.000000	1.49245   	8.000000	0.966105  	8.000000	2.08773   	8.000000	2.40878   	8.000000	1.98081   	
8.500000	315.221   	8.500000	316.269   	8.500000	307.652   	8.500000	307.652   	8.500000	307.652   	8.500000	1.65986   	8.500000	1.06479   	8.500000	2.27847   	8.500000	2.61328   	8.500000	2.16564   	
9.000000	346.86    	9.000000	348.557   	9.000000	338.558   	9.000000	338.558   	9.000000	338.558   	9.000000	1.83613   	9.000000	1.16785   	9.000000	2.478     	9.000000	2.82625   	9.000000	2.35917   	
9.500000	379.901   	9.500000	382.325   	9.500000	370.857   	9.500000	370.857   	9.500000	370.857   	9.500000	2.02124   	9.500000	1.27525   	9.500000	2.6863    	9.500000	3.04764   	9.500000	2.56137   	
10.000000	414.332   	10.000000	417.52    	10.000000	404.544   	10.000000	404.544   	10.000000	404.544   	10.000000	2.21519   	10.000000	1.38697   	10.000000	2.90335   	10.000000	3.27738   	10.000000	2.77223   	
11.000000	487.329   	11.000000	489.432   	11.000000	476.099   	11.000000	476.075   	11.000000	476.1     	11.000000	2.63021   	11.000000	1.62366   	11.000000	3.36389   	11.000000	3.76206   	11.000000	3.22018   	
12.000000	565.775   	12.000000	566.685   	12.000000	553.218   	12.000000	553.122   	12.000000	553.229   	12.000000	3.08171   	12.000000	1.87809   	12.000000	3.85986   	12.000000	4.28029   	12.000000	3.70328   	
13.000000	649.601   	13.000000	649.234   	13.000000	635.854   	13.000000	635.642   	13.000000	635.891   	13.000000	3.56943   	13.000000	2.14992   	13.000000	4.39113   	13.000000	4.83174   	13.000000	4.22144   	
14.000000	738.743   	14.000000	737.032   	14.000000	723.958   	14.000000	723.593   	14.000000	724.044   	14.000000	4.0931    	14.000000	2.43881   	14.000000	4.95754   	14.000000	5.41607   	14.000000	4.77454   	
15.000000	833.138   	15.000000	830.032   	15.000000	817.481   	15.000000	816.925   	15.000000	817.642   	15.000000	4.65238   	15.000000	2.74461   	15.000000	5.5589    	15.000000	6.03296   	15.000000	5.36243   	
16.000000	932.728   	16.000000	928.191   	16.000000	916.372   	16.000000	915.592   	16.000000	916.639   	16.000000	5.24692   	16.000000	3.06709   	16.000000	6.19498   	16.000000	6.68202   	16.000000	5.98493   	
17.000000	1037.46   	17.000000	1031.46   	17.000000	1020.58   	17.000000	1019.54   	17.000000	1020.98   	17.000000	5.87629   	17.000000	3.40583   	17.000000	6.86554   	17.000000	7.36288   	17.000000	6.64181   	
18.000000	1147.28   	18.000000	1139.81   	18.000000	1130.04   	18.000000	1128.73   	18.000000	1130.63   	18.000000	6.54007   	18.000000	3.76044   	18.000000	7.57029   	18.000000	8.07516   	18.000000	7.33284   	
19.000000	1262.13   	19.000000	1253.19   	19.000000	1244.71   	19.000000	1243.09   	19.000000	1245.52   	19.000000	7.23777   	19.000000	4.13065   	19.000000	8.30892   	19.000000	8.81844   	19.000000	8.05774   	
20.000000	1381.98   	20.000000	1371.55   	20.000000	1364.52   	20.000000	1362.58   	20.000000	1365.59   	20.000000	7.96887   	20.000000	4.51626   	20.000000	9.08109   	20.000000	9.59229   	20.000000	8.8162    	
21.000000	1506.77   	21.000000	1494.87   	21.000000	1489.42   	21.000000	1487.14   	21.000000	1490.8    	21.000000	8.73285   	21.000000	4.91706   	21.000000	9.88647   	21.000000	10.3963   	21.000000	9.60792   	
22.000000	1636.46   	22.000000	1623.1    	22.000000	1619.35   	22.000000	1616.7    	22.000000	1621.08   	22.000000	9.52912   	22.000000	5.33264   	22.000000	10.7247   	22.000000	11.23     	22.000000	10.4325   	
23.000000	1771.01   	23.000000	1756.21   	23.000000	1754.23   	23.000000	1751.22   	23.000000	1756.38   	23.000000	10.3571   	23.000000	5.76255   	23.000000	11.5953   	23.000000	12.093    	23.000000	11.2897   	
24.000000	1910.37   	24.000000	1894.16   	24.000000	1894.02   	24.000000	1890.63   	24.000000	1896.62   	24.000000	11.2161   	24.000000	6.20639   	24.000000	12.4979   	24.000000	12.9848   	24.000000	12.1791   	
25.000000	2054.5    	25.000000	2036.91   	25.000000	2038.65   	25.000000	2034.87   	25.000000	2041.75   	25.000000	12.1056   	25.000000	6.66388   	25.000000	13.4321   	25.000000	13.9048   	25.000000	13.1002   	
27.000000	2356.94   	27.000000	2336.69   	27.000000	2342.16   	27.000000	2337.57   	27.000000	2346.42   	27.000000	13.973    	27.000000	7.61805   	27.000000	15.3933   	27.000000	15.828    	27.000000	15.0359   	
29.000000	2678.04   	29.000000	2655.28   	29.000000	2664.2    	29.000000	2658.8    	29.000000	2669.84   	29.000000	15.9537   	29.000000	8.62156   	29.000000	17.475    	29.000000	17.8584   	29.000000	17.0933   	
31.000000	3017.5    	31.000000	2992.42   	31.000000	3004.28   	31.000000	2998.11   	31.000000	3011.53   	31.000000	18.043    	31.000000	9.67267   	31.000000	19.6737   	31.000000	19.9924   	31.000000	19.2691   	
33.000000	3375.08   	33.000000	3347.88   	33.000000	3362.51   	33.000000	3355.66   	33.000000	3371.44   	33.000000	20.2438   	33.000000	10.7732   	33.000000	21.9892   	33.000000	22.2296   	33.000000	21.5634   	
35.000000	3750.51   	35.000000	3721.41   	35.000000	3738.71   	35.000000	3731.27   	35.000000	3749.4    	35.000000	22.5558   	35.000000	11.9222   	35.000000	24.4204   	35.000000	24.5686   	35.000000	23.9751   	
38.000000	4346.62   	38.000000	4315.11   	38.000000	4336.22   	38.000000	4328.06   	38.000000	4349.67   	38.000000	26.2286   	38.000000	13.7349   	38.000000	28.2805   	38.000000	28.2641   	38.000000	27.8098   	
41.000000	4981.62   	41.000000	4948.25   	41.000000	4972.89   	41.000000	4964.27   	41.000000	4989.29   	41.000000	30.1428   	41.000000	15.6533   	41.000000	32.392    	41.000000	32.1795   	41.000000	31.9012   	
44.000000	5654.79   	44.000000	5620.13   	44.000000	5648.05   	44.000000	5639.19   	44.000000	5667.55   	44.000000	34.2934   	44.000000	17.6743   	44.000000	36.7501   	44.000000	36.3098   	44.000000	36.245    	
47.000000	6365.45   	47.000000	6330.11   	47.000000	6361.09   	47.000000	6352.18   	47.000000	6383.81   	47.000000	38.6755   	47.000000	19.7968   	47.000000	41.3501   	47.000000	40.6504   	47.000000	40.8374   	
50.000000	7112.98   	50.000000	7077.55   	50.000000	7111.3    	50.000000	7102.61   	50.000000	7137.44   	50.000000	43.2844   	50.000000	22.017    	50.000000	46.1878   	50.000000	45.1971   	50.000000	45.6745   	
55.000000	8439.14   	55.000000	8404.9    	55.000000	8442.83   	55.000000	8434.94   	55.000000	8474.96   	55.000000	51.4577   	55.000000	25.9297   	55.000000	54.7673   	55.000000	53.222    	55.000000	54.2707   	
60.000000	9863.41   	60.000000	9832.01   	60.000000	9873.59   	60.000000	9867.08   	60.000000	9912.09   	60.000000	60.2279   	60.000000	30.1005   	60.000000	63.9767   	60.000000	61.7907   	60.000000	63.5211   	
65.000000	11383.4   	65.000000	11356.4   	65.000000	11401.3   	65.000000	11396.6   	65.000000	11446.4   	65.000000	69.5757   	65.000000	34.5177   	65.000000	73.7987   	65.000000	70.8874   	65.000000	73.4111   	
70.000000	12996.7   	70.000000	12975.7   	70.000000	13023.6   	70.000000	13021.3   	70.000000	13075.7   	70.000000	79.4825   	70.000000	39.1774   	70.000000	84.2166   	70.000000	80.4969   	70.000000	83.9265   	
75.000000	14701.5   	75.000000	14687.8   	75.000000	14738.3   	75.000000	14738.9   	75.000000	14797.7   	75.000000	89.9304   	75.000000	44.0717   	75.000000	95.2146   	75.000000	90.6054   	75.000000	95.0539   	
80.000000	16495.5   	80.000000	16490.4   	80.000000	16543.4   	80.000000	16547.5   	80.000000	16610.5   	80.000000	100.903   	80.000000	49.1894   	80.000000	106.778   	80.000000	101.2     	80.000000	106.781   	
85.000000	18377     	85.000000	18381.7   	85.000000	18437.1   	85.000000	18445.1   	85.000000	18512     	85.000000	112.383   	85.000000	54.5282   	85.000000	118.892   	85.000000	112.268   	85.000000	119.095   	
90.000000	20344.3   	90.000000	20359.6   	90.000000	20417.3   	90.000000	20429.9   	90.000000	20500.5   	90.000000	124.355   	90.000000	60.0822   	90.000000	131.543   	90.000000	123.798   	90.000000	131.984   	
95.000000	22395.6   	95.000000	22422.4   	95.000000	22482.3   	95.000000	22500.1   	95.000000	22574.2   	95.000000	136.804   	95.000000	65.8424   	95.000000	144.717   	95.000000	135.779   	95.000000	145.437   	
100.000000	24529.3   	100.000000	24568.2   	100.000000	24630.6   	100.000000	24653.9   	100.000000	24731.3   	100.000000	149.715   	100.000000	71.8043   	100.000000	158.402   	100.000000	148.2     	100.000000	159.444   	
105.000000	26744     	105.000000	26795.4   	105.000000	26860.5   	105.000000	26889.7   	105.000000	26970.2   	105.000000	163.075   	105.000000	77.9625   	105.000000	172.585   	105.000000	161.05    	105.000000	173.993   	
110.000000	29038.1   	110.000000	29102.4   	110.000000	29170.4   	110.000000	29206     	110.000000	29289.4   	110.000000	176.869   	110.000000	84.3131   	110.000000	187.255   	110.000000	174.321   	110.000000	189.074   	
115.000000	31410.4   	115.000000	31487.5   	115.000000	31558.5   	115.000000	31601.2   	115.000000	31687.2   	115.000000	191.085   	115.000000	90.8494   	115.000000	202.399   	115.000000	188.003   	115.000000	204.678   	
120.000000	33859.4   	120.000000	33949.3   	120.000000	34023.5   	120.000000	34073.9   	120.000000	34162.3   	120.000000	205.71    	120.000000	97.5634   	120.000000	218.006   	120.000000	202.086   	120.000000	220.795   	
125.000000	36384     	125.000000	36486.2   	125.000000	36564.2   	125.000000	36622.5   	125.000000	36713.1   	125.000000	220.732   	125.000000	104.456   	125.000000	234.065   	125.000000	216.562   	125.000000	237.415   	
130.000000	38982.9   	130.000000	39096.9   	130.000000	39179     	130.000000	39245.8   	130.000000	39338.3   	130.000000	236.138   	130.000000	111.519   	130.000000	250.567   	130.000000	231.423   	130.000000	254.529   	
135.000000	41654.8   	135.000000	41780     	135.000000	41866.6   	135.000000	41942.3   	135.000000	42036.5   	135.000000	251.918   	135.000000	118.75    	135.000000	267.5     	135.000000	246.661   	135.000000	272.129   	
140.000000	44398.8   	140.000000	44534.1   	140.000000	44625.7   	140.000000	44710.8   	140.000000	44806.5   	140.000000	268.06    	140.000000	126.148   	140.000000	284.854   	140.000000	262.267   	140.000000	290.206   	
145.000000	47213.7   	145.000000	47357.9   	145.000000	47455.1   	145.000000	47550     	145.000000	47646.9   	145.000000	284.554   	145.000000	133.705   	145.000000	302.62    	145.000000	278.235   	145.000000	308.751   	
150.000000	50098.4   	150.000000	50250.3   	150.000000	50353.5   	150.000000	50458.6   	150.000000	50556.6   	150.000000	301.389   	150.000000	141.415   	150.000000	320.789   	150.000000	294.556   	150.000000	327.756   	
155.000000	53062     	155.000000	53209.9   	155.000000	53319.7   	155.000000	53435.5   	155.000000	53534.3   	155.000000	318.554   	155.000000	149.278   	155.000000	339.35    	155.000000	311.224   	155.000000	347.213   	
160.000000	56090.4   	160.000000	56235.7   	160.000000	56352.5   	160.000000	56479.5   	160.000000	56578.8   	160.000000	336.041   	160.000000	157.288   	160.000000	358.296   	160.000000	328.231   	160.000000	367.114   	
165.000000	59181.9   	165.000000	59326.3   	165.000000	59450.9   	165.000000	59589.4   	165.000000	59689     	165.000000	353.839   	165.000000	165.444   	165.000000	377.618   	165.000000	345.571   	165.000000	387.452   	
170.000000	62335.5   	170.000000	62480.8   	170.000000	62613.6   	170.000000	62764.2   	170.000000	62863.9   	170.000000	371.939   	170.000000	173.742   	170.000000	397.306   	170.000000	363.238   	170.000000	408.22    	
175.000000	65550.2   	175.000000	65698     	175.000000	65839.7   	175.000000	66002.7   	175.000000	66102.3   	175.000000	390.333   	175.000000	182.18    	175.000000	417.353   	175.000000	381.225   	175.000000	429.409   	
180.000000	68824.9   	180.000000	68976.9   	180.000000	69128     	180.000000	69303.9   	180.000000	69403.1   	180.000000	409.012   	180.000000	190.755   	180.000000	437.751   	180.000000	399.525   	180.000000	451.012   	
185.000000	72158.6   	185.000000	72316.4   	185.000000	72477.6   	185.000000	72666.8   	185.000000	72765.4   	185.000000	427.966   	185.000000	199.463   	185.000000	458.491   	185.000000	418.134   	185.000000	473.024   	
190.000000	75550.5   	190.000000	75715.6   	190.000000	75887.4   	190.000000	76090.3   	190.000000	76188.1   	190.000000	447.189   	190.000000	208.299   	190.000000	479.567   	190.000000	437.044   	190.000000	495.436   	
195.000000	78999.5   	195.000000	79173.4   	195.000000	79356.4   	195.000000	79573.5   	195.000000	79670.3   	195.000000	466.671   	195.000000	217.257   	195.000000	500.971   	195.000000	456.25    	195.000000	518.242   	
200.000000	82504.7   	200.000000	82688.9   	200.000000	82883.8   	200.000000	83115.4   	200.000000	83210.9   	200.000000	486.406   	200.000000	226.342   	200.000000	522.695   	200.000000	475.747   	200.000000	541.436   	
210.000000	89680.3   	210.000000	89889.2   	210.000000	90109.6   	210.000000	90371.7   	210.000000	90464     	210.000000	526.602   	210.000000	244.875   	210.000000	567.075   	210.000000	515.591   	210.000000	588.961   	
220.000000	97070.6   	220.000000	97309.3   	220.000000	97557.6   	220.000000	97851.8   	220.000000	97940     	220.000000	567.72    	220.000000	263.87    	220.000000	612.655   	220.000000	556.533   	220.000000	637.96    	
230.000000	104669    	230.000000	104942    	230.000000	105221    	230.000000	105549    	230.000000	105632    	230.000000	609.704   	230.000000	283.321   	230.000000	659.381   	230.000000	598.534   	230.000000	688.386   	
240.000000	112469    	240.000000	112782    	240.000000	113093    	240.000000	113456    	240.000000	113533    	240.000000	652.502   	240.000000	303.194   	240.000000	707.203   	240.000000	641.554   	240.000000	740.193   	
250.000000	120466    	250.000000	120821    	250.000000	121167    	250.000000	121567    	250.000000	121638    	250.000000	696.067   	250.000000	323.475   	250.000000	756.074   	250.000000	685.558   	250.000000	793.335   	
260.000000	128653    	260.000000	129055    	260.000000	129438    	260.000000	129877    	260.000000	129939    	260.000000	740.352   	260.000000	344.15    	260.000000	805.949   	260.000000	730.51    	260.000000	847.771   	
270.000000	137025    	270.000000	137477    	270.000000	137899    	270.000000	138377    	270.000000	138432    	270.000000	785.312   	270.000000	365.205   	270.000000	856.784   	270.000000	776.377   	270.000000	903.46    	
280.000000	145577    	280.000000	146082    	280.000000	146546    	280.000000	147065    	280.000000	147110    	280.000000	830.907   	280.000000	386.628   	280.000000	908.537   	280.000000	823.125   	280.000000	960.36    	
290.000000	154304    	290.000000	154864    	290.000000	155372    	290.000000	155933    	290.000000	155968    	290.000000	877.097   	290.000000	408.404   	290.000000	961.169   	290.000000	870.726   	290.000000	1018.44   	
300.000000	163202    	300.000000	163819    	300.000000	164372    	300.000000	164976    	300.000000	165000    	300.000000	923.845   	300.000000	430.525   	300.000000	1014.64   	300.000000	919.148   	300.000000	1077.65   	
310.000000	172265    	310.000000	172941    	310.000000	173542    	310.000000	174191    	310.000000	174203    	310.000000	971.115   	310.000000	452.979   	310.000000	1068.92   	310.000000	968.364   	310.000000	1137.96   	
320.000000	181489    	320.000000	182226    	320.000000	182875    	320.000000	183571    	320.000000	183571    	320.000000	1018.87   	320.000000	475.74    	320.000000	1123.97   	320.000000	1018.35   	320.000000	1199.34   	
330.000000	190870    	330.000000	191669    	330.000000	192369    	330.000000	193112    	330.000000	193099    	330.000000	1067.09   	330.000000	498.797   	330.000000	1179.75   	330.000000	1069.07   	330.000000	1261.76   	
340.000000	200405    	340.000000	201266    	340.000000	202018    	340.000000	202810    	340.000000	202782    	340.000000	1115.73   	340.000000	522.156   	340.000000	1236.24   	340.000000	1120.5    	340.000000	1325.18   	
350.000000	210089    	350.000000	211013    	350.000000	211818    	350.000000	212660    	350.000000	212618    	350.000000	1164.78   	350.000000	545.799   	350.000000	1293.4    	350.000000	1172.63   	350.000000	1389.57   	
360.000000	219918    	360.000000	220905    	360.000000	221764    	360.000000	222658    	360.000000	222600    	360.000000	1214.19   	360.000000	569.706   	360.000000	1351.21   	360.000000	1225.42   	360.000000	1454.9    	
370.000000	229888    	370.000000	230939    	370.000000	231855    	370.000000	232801    	370.000000	232727    	370.000000	1263.95   	370.000000	593.874   	370.000000	1409.63   	370.000000	1278.86   	370.000000	1521.15   	
380.000000	239997    	380.000000	241111    	380.000000	242086    	380.000000	243085    	380.000000	242994    	380.000000	1314.05   	380.000000	618.299   	380.000000	1468.66   	380.000000	1332.92   	380.000000	1588.29   	
390.000000	250241    	390.000000	251418    	390.000000	252454    	390.000000	253507    	390.000000	253398    	390.000000	1364.47   	390.000000	642.971   	390.000000	1528.25   	390.000000	1387.6    	390.000000	1656.29   	
400.000000	260616    	400.000000	261855    	400.000000	262954    	400.000000	264062    	400.000000	263935    	400.000000	1415.17   	400.000000	667.898   	400.000000	1588.39   	400.000000	1442.86   	400.000000	1725.14   	
410.000000	271119    	410.000000	272420    	410.000000	273583    	410.000000	274748    	410.000000	274602    	410.000000	1466.14   	410.000000	693.079   	410.000000	1649.06   	410.000000	1498.69   	410.000000	1794.79   	
420.000000	281747    	420.000000	283109    	420.000000	284338    	420.000000	285561    	420.000000	285396    	420.000000	1517.35   	420.000000	718.492   	420.000000	1710.22   	420.000000	1555.07   	420.000000	1865.24   	
430.000000	292498    	430.000000	293918    	430.000000	295216    	430.000000	296498    	430.000000	296312    	430.000000	1568.8    	430.000000	744.109   	430.000000	1771.86   	430.000000	1611.98   	430.000000	1936.46   	
440.000000	303368    	440.000000	304846    	440.000000	306214    	440.000000	307555    	440.000000	307348    	440.000000	1620.45   	440.000000	769.928   	440.000000	1833.96   	440.000000	1669.4    	440.000000	2008.41   	
450.000000	314354    	450.000000	315888    	450.000000	317327    	450.000000	318729    	450.000000	318501    	450.000000	1672.29   	450.000000	795.958   	450.000000	1896.49   	450.000000	1727.31   	450.000000	2081.09   	
460.000000	325454    	460.000000	327043    	460.000000	328554    	460.000000	330018    	460.000000	329768    	460.000000	1724.31   	460.000000	822.197   	460.000000	1959.44   	460.000000	1785.71   	460.000000	2154.47   	
470.000000	336665    	470.000000	338306    	470.000000	339892    	470.000000	341419    	470.000000	341146    	470.000000	1776.48   	470.000000	848.636   	470.000000	2022.78   	470.000000	1844.57   	470.000000	2228.52   	
480.000000	347985    	480.000000	349676    	480.000000	351339    	480.000000	352928    	480.000000	352632    	480.000000	1828.8    	480.000000	875.269   	480.000000	2086.51   	480.000000	1903.88   	480.000000	2303.24   	
490.000000	359410    	490.000000	361150    	490.000000	362891    	490.000000	364544    	490.000000	364223    	490.000000	1881.25   	490.000000	902.093   	490.000000	2150.6    	490.000000	1963.62   	490.000000	2378.59   	
500.000000	370939    	500.000000	372725    	500.000000	374545    	500.000000	376263    	500.000000	375917    	500.000000	1933.81   	500.000000	929.104   	500.000000	2215.03   	500.000000	2023.78   	500.000000	2454.55   	
520.000000	394298    	520.000000	396169    	520.000000	398151    	520.000000	400000    	520.000000	399605    	520.000000	2039.22   	520.000000	983.63    	520.000000	2344.87   	520.000000	2145.3    	520.000000	2608.27   	
540.000000	418043    	540.000000	419990    	540.000000	422137    	540.000000	424122    	540.000000	423674    	540.000000	2144.95   	540.000000	1038.79   	540.000000	2475.9    	540.000000	2268.33   	540.000000	2764.25   	
560.000000	442157    	560.000000	444168    	560.000000	446485    	560.000000	448610    	560.000000	448106    	560.000000	2250.89   	560.000000	1094.61   	560.000000	2608.02   	560.000000	2392.77   	560.000000	2922.34   	
580.000000	466624    	580.000000	468689    	580.000000	471178    	580.000000	473445    	580.000000	472885    	580.000000	2356.98   	580.000000	1151.02   	580.000000	2741.11   	580.000000	2518.53   	580.000000	3082.44   	
600.000000	491428    	600.000000	493535    	600.000000	496201    	600.000000	498613    	600.000000	497994    	600.000000	2463.13   	600.000000	1207.97   	600.000000	2875.08   	600.000000	2645.52   	600.000000	3244.4    	
620.000000	516555    	620.000000	518691    	620.000000	521539    	620.000000	524098    	620.000000	523418    	620.000000	2569.29   	620.000000	1265.44   	620.000000	3009.84   	620.000000	2773.66   	620.000000	3408.14   	
640.000000	541990    	640.000000	544144    	640.000000	547177    	640.000000	549884    	640.000000	549141    	640.000000	2675.39   	640.000000	1323.43   	640.000000	3145.3    	640.000000	2902.86   	640.000000	3573.52   	
660.000000	567720    	660.000000	569879    	660.000000	573099    	660.000000	575958    	660.000000	575152    	660.000000	2781.38   	660.000000	1381.95   	660.000000	3281.39   	660.000000	3033.06   	660.000000	3740.47   	
680.000000	593732    	680.000000	595885    	680.000000	599295    	680.000000	602308    	680.000000	601436    	680.000000	2887.21   	680.000000	1440.95   	680.000000	3418.02   	680.000000	3164.18   	680.000000	3908.87   	
700.000000	620014    	700.000000	622147    	700.000000	625750    	700.000000	628920    	700.000000	627981    	700.000000	2992.84   	700.000000	1500.38   	700.000000	3555.15   	700.000000	3296.16   	700.000000	4078.64   	
720.000000	646555    	720.000000	648656    	720.000000	652454    	720.000000	655784    	720.000000	654775    	720.000000	3098.22   	720.000000	1560.23   	720.000000	3692.69   	720.000000	3428.93   	720.000000	4249.69   	
740.000000	673343    	740.000000	675400    	740.000000	679396    	740.000000	682887    	740.000000	681809    	740.000000	3203.33   	740.000000	1620.49   	740.000000	3830.6    	740.000000	3562.44   	740.000000	4421.94   	
760.000000	700367    	760.000000	702368    	760.000000	706566    	760.000000	710220    	760.000000	709070    	760.000000	3308.12   	760.000000	1681.13   	760.000000	3968.82   	760.000000	3696.64   	760.000000	4595.32   	
780.000000	727617    	780.000000	729550    	780.000000	733954    	780.000000	737773    	780.000000	736549    	780.000000	3412.57   	780.000000	1742.15   	780.000000	4107.29   	780.000000	3831.46   	780.000000	4769.76   	
800.000000	755085    	800.000000	756937    	800.000000	761551    	800.000000	765535    	800.000000	764237    	800.000000	3516.66   	800.000000	1803.51   	800.000000	4245.97   	800.000000	3966.87   	800.000000	4945.17   	
820.000000	782759    	820.000000	784520    	820.000000	789348    	820.000000	793499    	820.000000	792125    	820.000000	3620.35   	820.000000	1865.2    	820.000000	4384.82   	820.000000	4102.81   	820.000000	5121.51   	
840.000000	810632    	840.000000	812291    	840.000000	817335    	840.000000	821655    	840.000000	820205    	840.000000	3723.64   	840.000000	1927.2    	840.000000	4523.79   	840.000000	4239.25   	840.000000	5298.69   	
860.000000	838694    	860.000000	840240    	860.000000	845504    	860.000000	849995    	860.000000	848467    	860.000000	3826.49   	860.000000	1989.52   	860.000000	4662.85   	860.000000	4376.13   	860.000000	5476.68   	
880.000000	866938    	880.000000	868359    	880.000000	873848    	880.000000	878512    	880.000000	876905    	880.000000	3928.89   	880.000000	2052.17   	880.000000	4801.95   	880.000000	4513.42   	880.000000	5655.41   	
900.000000	895355    	900.000000	896643    	900.000000	902360    	900.000000	907198    	900.000000	905511    	900.000000	4030.84   	900.000000	2115.13   	900.000000	4941.07   	900.000000	4651.09   	900.000000	5834.82   	
920.000000	923939    	920.000000	925082    	920.000000	931032    	920.000000	936046    	920.000000	934278    	920.000000	4132.31   	920.000000	2178.37   	920.000000	5080.18   	920.000000	4789.09   	920.000000	6014.87   	
940.000000	952680    	940.000000	953670    	940.000000	959858    	940.000000	965049    	940.000000	963199    	940.000000	4233.29   	940.000000	2241.86   	940.000000	5219.24   	940.000000	4927.39   	940.000000	6195.51   	
960.000000	981573    	960.000000	982401    	960.000000	988831    	960.000000	994202    	960.000000	992269    	960.000000	4333.77   	960.000000	2305.61   	960.000000	5358.23   	960.000000	5065.97   	960.000000	6376.7    	
980.000000	1.01061e+06	980.000000	1.01127e+06	980.000000	1.01795e+06	980.000000	1.0235e+06	980.000000	1.02148e+06	980.000000	4433.75   	980.000000	2369.63   	980.000000	5497.12   	980.000000	5204.8    	980.000000	6558.38   	
1000.000000	1.03979e+06	1000.000000	1.04026e+06	1000.000000	1.0472e+06	1000.000000	1.05293e+06	1000.000000	1.05083e+06	1000.000000	4533.22   	1000.000000	2433.92   	1000.000000	5635.9    	1000.000000	5343.83   	1000.000000	6740.53   	
1020.000000	1.06909e+06	1020.000000	1.06939e+06	1020.000000	1.07658e+06	1020.000000	1.08249e+06	1020.000000	1.08031e+06	1020.000000	4632.17   	1020.000000	2498.47   	1020.000000	5774.53   	1020.000000	5483.05   	1020.000000	6923.09   	
1040.000000	1.09853e+06	1040.000000	1.09863e+06	1040.000000	1.10609e+06	1040.000000	1.11218e+06	1040.000000	1.10991e+06	1040.000000	4730.59   	1040.000000	2563.28   	1040.000000	5913      	1040.000000	5622.44   	1040.000000	7106.04   	
1060.000000	1.12808e+06	1060.000000	1.12798e+06	1060.000000	1.13572e+06	1060.000000	1.142e+06 	1060.000000	1.13963e+06	1060.000000	4828.48   	1060.000000	2628.32   	1060.000000	6051.28   	1060.000000	5761.96   	1060.000000	7289.33   	
1080.000000	1.15775e+06	1080.000000	1.15744e+06	1080.000000	1.16547e+06	1080.000000	1.17192e+06	1080.000000	1.16947e+06	1080.000000	4925.83   	1080.000000	2693.58   	1080.000000	6189.37   	1080.000000	5901.6    	1080.000000	7472.94   	
1100.000000	1.18753e+06	1100.000000	1.187e+06 	1100.000000	1.19532e+06	1100.000000	1.20196e+06	1100.000000	1.19943e+06	1100.000000	5022.66   	1100.000000	2759.04   	1100.000000	6327.24   	1100.000000	6041.33   	1100.000000	7656.83   	
1120.000000	1.21741e+06	1120.000000	1.21667e+06	1120.000000	1.22528e+06	1120.000000	1.23211e+06	1120.000000	1.22948e+06	1120.000000	5118.94   	1120.000000	2824.72   	1120.000000	6464.88   	1120.000000	6181.13   	1120.000000	7840.97   	
1140.000000	1.24739e+06	1140.000000	1.24642e+06	1140.000000	1.25534e+06	1140.000000	1.26236e+06	1140.000000	1.25964e+06	1140.000000	5214.68   	1140.000000	2890.62   	1140.000000	6602.28   	1140.000000	6320.98   	1140.000000	8025.33   	
1160.000000	1.27746e+06	1160.000000	1.27627e+06	1160.000000	1.28551e+06	1160.000000	1.29271e+06	1160.000000	1.2899e+06	1160.000000	5309.88   	1160.000000	2956.74   	1160.000000	6739.42   	1160.000000	6460.87   	1160.000000	8209.89   	
1180.000000	1.30762e+06	1180.000000	1.3062e+06	1180.000000	1.31576e+06	1180.000000	1.32315e+06	1180.000000	1.32025e+06	1180.000000	5404.54   	1180.000000	3023.09   	1180.000000	6876.28   	1180.000000	6600.78   	1180.000000	8394.62   	
1200.000000	1.33787e+06	1200.000000	1.33621e+06	1200.000000	1.34611e+06	1200.000000	1.35369e+06	1200.000000	1.3507e+06	1200.000000	5498.65   	1200.000000	3089.66   	1200.000000	7012.86   	1200.000000	6740.68   	1200.000000	8579.49   	
1220.000000	1.3682e+06	1220.000000	1.3663e+06	1220.000000	1.37654e+06	1220.000000	1.38431e+06	1220.000000	1.38123e+06	1220.000000	5592.23   	1220.000000	3156.44   	1220.000000	7149.16   	1220.000000	6880.57   	1220.000000	8764.47   	
1240.000000	1.3986e+06	1240.000000	1.39646e+06	1240.000000	1.40705e+06	1240.000000	1.41502e+06	1240.000000	1.41184e+06	1240.000000	5685.26   	1240.000000	3223.41   	1240.000000	7285.14   	1240.000000	7020.42   	1240.000000	8949.56   	
1260.000000	1.42907e+06	1260.000000	1.42669e+06	1260.000000	1.43765e+06	1260.000000	1.4458e+06	1260.000000	1.44254e+06	1260.000000	5777.76   	1260.000000	3290.56   	1260.000000	7420.82   	1260.000000	7160.23   	1260.000000	9134.71   	
1280.000000	1.45961e+06	1280.000000	1.45699e+06	1280.000000	1.46832e+06	1280.000000	1.47667e+06	1280.000000	1.47331e+06	1280.000000	5869.71   	1280.000000	3357.89   	1280.000000	7556.17   	1280.000000	7299.99   	1280.000000	9319.92   	
1300.000000	1.49022e+06	1300.000000	1.48735e+06	1300.000000	1.49907e+06	1300.000000	1.50761e+06	1300.000000	1.50415e+06	1300.000000	5961.14   	1300.000000	3425.39   	1300.000000	7691.2    	1300.000000	7439.66   	1300.000000	9505.17   	
1320.000000	1.52089e+06	1320.000000	1.51777e+06	1320.000000	1.52989e+06	1320.000000	1.53862e+06	1320.000000	1.53507e+06	1320.000000	6052.02   	1320.000000	3493.06   	1320.000000	7825.89   	1320.000000	7579.26   	1320.000000	9690.43   	
1340.000000	1.55161e+06	1340.000000	1.54824e+06	1340.000000	1.56078e+06	1340.000000	1.56971e+06	1340.000000	1.56606e+06	1340.000000	6142.38   	1340.000000	3560.9    	1340.000000	7960.25   	1340.000000	7718.76   	1340.000000	9875.69   	
1360.000000	1.58239e+06	1360.000000	1.57877e+06	1360.000000	1.59173e+06	1360.000000	1.60085e+06	1360.000000	1.59711e+06	1360.000000	6232.21   	1360.000000	3628.91   	1360.000000	8094.25   	1360.000000	7858.15   	1360.000000	10060.9   	
1380.000000	1.61322e+06	1380.000000	1.60935e+06	1380.000000	1.62275e+06	1380.000000	1.63207e+06	1380.000000	1.62823e+06	1380.000000	6321.51   	1380.000000	3697.09   	1380.000000	8227.9    	1380.000000	7997.42   	1380.000000	10246.1   	
1400.000000	1.64409e+06	1400.000000	1.63998e+06	1400.000000	1.65383e+06	1400.000000	1.66334e+06	1400.000000	1.6594e+06	1400.000000	6410.29   	1400.000000	3765.43   	1400.000000	8361.19   	1400.000000	8136.57   	1400.000000	10431.3   	
1420.000000	1.67501e+06	1420.000000	1.67065e+06	1420.000000	1.68497e+06	1420.000000	1.69467e+06	1420.000000	1.69064e+06	1420.000000	6498.55   	1420.000000	3833.94   	1420.000000	8494.12   	1420.000000	8275.58   	1420.000000	10616.4   	
1440.000000	1.70596e+06	1440.000000	1.70137e+06	1440.000000	1.71616e+06	1440.000000	1.72606e+06	1440.000000	1.72193e+06	1440.000000	6586.3    	1440.000000	3902.61   	1440.000000	8626.68   	1440.000000	8414.44   	1440.000000	10801.4   	
1460.000000	1.73696e+06	1460.000000	1.73212e+06	1460.000000	1.74741e+06	1460.000000	1.75751e+06	1460.000000	1.75328e+06	1460.000000	6673.53   	1460.000000	3971.44   	1460.000000	8758.87   	1460.000000	8553.16   	1460.000000	10986.3   	
1480.000000	1.76799e+06	1480.000000	1.76291e+06	1480.000000	1.77871e+06	1480.000000	1.789e+06 	1480.000000	1.78468e+06	1480.000000	6760.26   	1480.000000	4040.42   	1480.000000	8890.69   	1480.000000	8691.7    	1480.000000	11171.1   	
1500.000000	1.79905e+06	1500.000000	1.79374e+06	1500.000000	1.81006e+06	1500.000000	1.82055e+06	1500.000000	1.81613e+06	1500.000000	6846.47   	1500.000000	4109.56   	1500.000000	9022.13   	1500.000000	8830.08   	1500.000000	11355.8   	
1520.000000	1.83014e+06	1520.000000	1.8246e+06	1520.000000	1.84146e+06	1520.000000	1.85215e+06	1520.000000	1.84762e+06	1520.000000	6932.19   	1520.000000	4178.85   	1520.000000	9153.19   	1520.000000	8968.28   	1520.000000	11540.3   	
1540.000000	1.86126e+06	1540.000000	1.85549e+06	1540.000000	1.87291e+06	1540.000000	1.88379e+06	1540.000000	1.87917e+06	1540.000000	7017.41   	1540.000000	4248.29   	1540.000000	9283.86   	1540.000000	9106.3    	1540.000000	11724.7   	
1560.000000	1.8924e+06	1560.000000	1.88641e+06	1560.000000	1.9044e+06	1560.000000	1.91548e+06	1560.000000	1.91075e+06	1560.000000	7102.14   	1560.000000	4317.88   	1560.000000	9414.15   	1560.000000	9244.13   	1560.000000	11909     	
1580.000000	1.92357e+06	1580.000000	1.91735e+06	1580.000000	1.93593e+06	1580.000000	1.94721e+06	1580.000000	1.94238e+06	1580.000000	7186.38   	1580.000000	4387.61   	1580.000000	9544.06   	1580.000000	9381.76   	1580.000000	12093.1   	
1600.000000	1.95475e+06	1600.000000	1.94832e+06	1600.000000	1.9675e+06	1600.000000	1.97898e+06	1600.000000	1.97406e+06	1600.000000	7270.13   	1600.000000	4457.5    	1600.000000	9673.58   	1600.000000	9519.19   	1600.000000	12277     	
1620.000000	1.98595e+06	1620.000000	1.97931e+06	1620.000000	1.99912e+06	1620.000000	2.01079e+06	1620.000000	2.00577e+06	1620.000000	7353.4    	1620.000000	4527.53   	1620.000000	9802.7    	1620.000000	9656.41   	1620.000000	12460.8   	
1640.000000	2.01717e+06	1640.000000	2.01032e+06	1640.000000	2.03077e+06	1640.000000	2.04264e+06	1640.000000	2.03752e+06	1640.000000	7436.2    	1640.000000	4597.71   	1640.000000	9931.44   	1640.000000	9793.42   	1640.000000	12644.3   	
1660.000000	2.0484e+06	1660.000000	2.04135e+06	1660.000000	2.06245e+06	1660.000000	2.07452e+06	1660.000000	2.0693e+06	1660.000000	7518.52   	1660.000000	4668.04   	1660.000000	10059.8   	1660.000000	9930.21   	1660.000000	12827.7   	
1680.000000	2.07964e+06	1680.000000	2.0724e+06	1680.000000	2.09417e+06	1680.000000	2.10644e+06	1680.000000	2.10112e+06	1680.000000	7600.38   	1680.000000	4738.51   	1680.000000	10187.7   	1680.000000	10066.8   	1680.000000	13010.9   	
1700.000000	2.11089e+06	1700.000000	2.10346e+06	1700.000000	2.12593e+06	1700.000000	2.1384e+06	1700.000000	2.13297e+06	1700.000000	7681.77   	1700.000000	4809.12   	1700.000000	10315.3   	1700.000000	10203.1   	1700.000000	13193.8   	
1750.000000	2.18904e+06	1750.000000	2.18117e+06	1750.000000	2.20545e+06	1750.000000	2.21842e+06	1750.000000	2.21275e+06	1750.000000	7883.24   	1750.000000	4986.25   	1750.000000	10632.5   	1750.000000	10543     	1750.000000	13650.2   	
1800.000000	2.2672e+06	1800.000000	2.25894e+06	1800.000000	2.28516e+06	1800.000000	2.29863e+06	1800.000000	2.2927e+06	1800.000000	8081.91   	1800.000000	5164.21   	1800.000000	10947.2   	1800.000000	10881.3   	1800.000000	14105.1   	
1850.000000	2.34534e+06	1850.000000	2.33675e+06	1850.000000	2.36503e+06	1850.000000	2.37901e+06	1850.000000	2.37282e+06	1850.000000	8277.83   	1850.000000	5342.97   	1850.000000	11259.4   	1850.000000	11218.1   	1850.000000	14558.4   	
1900.000000	2.42346e+06	1900.000000	2.41458e+06	1900.000000	2.44505e+06	1900.000000	2.45953e+06	1900.000000	2.45308e+06	1900.000000	8471.08   	1900.000000	5522.48   	1900.000000	11569.2   	1900.000000	11553.3   	1900.000000	15010.1   	
1950.000000	2.50151e+06	1950.000000	2.4924e+06	1950.000000	2.5252e+06	1950.000000	2.54018e+06	1950.000000	2.53348e+06	1950.000000	8661.72   	1950.000000	5702.72   	1950.000000	11876.6   	1950.000000	11886.8   	1950.000000	15460.1   	
2000.000000	2.57947e+06	2000.000000	2.57021e+06	2000.000000	2.60546e+06	2000.000000	2.62095e+06	2000.000000	2.61399e+06	2000.000000	8849.82   	2000.000000	5883.69   	2000.000000	12181.5   	2000.000000	12218.7   	2000.000000	15908.3   	
2100.000000	2.73509e+06	2100.000000	2.7257e+06	2100.000000	2.7663e+06	2100.000000	2.7828e+06	2100.000000	2.77532e+06	2100.000000	9218.62   	2100.000000	6247.83   	2100.000000	12784.1   	2100.000000	12877.5   	2100.000000	16799.2   	
2200.000000	2.89015e+06	2200.000000	2.88095e+06	2200.000000	2.92748e+06	2200.000000	2.94499e+06	2200.000000	2.93699e+06	2200.000000	9577.98   	2200.000000	6614.96   	2200.000000	13377.3   	2200.000000	13529.3   	2200.000000	17682.5   	
2300.000000	3.04455e+06	2300.000000	3.03583e+06	2300.000000	3.08891e+06	2300.000000	3.10742e+06	2300.000000	3.0989e+06	2300.000000	9928.36   	2300.000000	6985.09   	2300.000000	13961.3   	2300.000000	14174.2   	2300.000000	18557.8   	
2400.000000	3.19817e+06	2400.000000	3.19028e+06	2400.000000	3.25053e+06	2400.000000	3.27005e+06	2400.000000	3.261e+06 	2400.000000	10270.2   	2400.000000	7358.17   	2400.000000	14536.2   	2400.000000	14812.1   	2400.000000	19425.2   	
2500.000000	3.35093e+06	2500.000000	3.34421e+06	2500.000000	3.41228e+06	2500.000000	3.43281e+06	2500.000000	3.42324e+06	2500.000000	10603.9   	2500.000000	7734.11   	2500.000000	15102.2   	2500.000000	15442.9   	2500.000000	20284.4   	
2600.000000	3.50275e+06	2600.000000	3.49757e+06	2600.000000	3.57412e+06	2600.000000	3.59565e+06	2600.000000	3.58555e+06	2600.000000	10929.9   	2600.000000	8112.83   	2600.000000	15659.7   	2600.000000	16066.7   	2600.000000	21135.3   	
2700.000000	3.65357e+06	2700.000000	3.6503e+06	2700.000000	3.736e+06 	2700.000000	3.75853e+06	2700.000000	3.74791e+06	2700.000000	11248.6   	2700.000000	8494.27   	2700.000000	16208.9   	2700.000000	16683.6   	2700.000000	21978     	
2800.000000	3.80332e+06	2800.000000	3.80235e+06	2800.000000	3.89789e+06	2800.000000	3.92142e+06	2800.000000	3.91028e+06	2800.000000	11560.2   	2800.000000	8878.36   	2800.000000	16749.9   	2800.000000	17293.6   	2800.000000	22812.5   	
2900.000000	3.95196e+06	2900.000000	3.95369e+06	2900.000000	4.05975e+06	2900.000000	4.08429e+06	2900.000000	4.07262e+06	2900.000000	11865.2   	2900.000000	9265.07   	2900.000000	17283.1   	2900.000000	17896.8   	2900.000000	23638.8   	
3000.000000	4.09946e+06	3000.000000	4.10428e+06	3000.000000	4.22157e+06	3000.000000	4.24711e+06	3000.000000	4.23491e+06	3000.000000	12163.8   	3000.000000	9654.35   	3000.000000	17808.7   	3000.000000	18493.2   	3000.000000	24456.9   	
3200.000000	4.39087e+06	3200.000000	4.40311e+06	3200.000000	4.54497e+06	3200.000000	4.5725e+06	3200.000000	4.55926e+06	3200.000000	12743     	3200.000000	10440.5   	3200.000000	18837.7   	3200.000000	19666.4   	3200.000000	26069.2   	
3400.000000	4.67735e+06	3400.000000	4.69865e+06	3400.000000	4.86794e+06	3400.000000	4.89745e+06	3400.000000	4.88317e+06	3400.000000	13300     	3400.000000	11236.5   	3400.000000	19838.9   	3400.000000	20814.1   	3400.000000	27649.9   	
3600.000000	4.95878e+06	3600.000000	4.99078e+06	3600.000000	5.19038e+06	3600.000000	5.22186e+06	3600.000000	5.20654e+06	3600.000000	13836.6   	3600.000000	12042.3   	3600.000000	20813.7   	3600.000000	21937.1   	3600.000000	29200.1   	
3800.000000	5.23509e+06	3800.000000	5.27943e+06	3800.000000	5.51221e+06	3800.000000	5.54565e+06	3800.000000	5.52929e+06	3800.000000	14354.4   	3800.000000	12857.5   	3800.000000	21763.8   	3800.000000	23036.4   	3800.000000	30720.8   	
4000.000000	5.50623e+06	4000.000000	5.56454e+06	4000.000000	5.83336e+06	4000.000000	5.86875e+06	4000.000000	5.85137e+06	4000.000000	14855     	4000.000000	13682.1   	4000.000000	22690.5   	4000.000000	24112.9   	4000.000000	32212.8   	
4200.000000	5.77222e+06	4200.000000	5.84611e+06	4200.000000	6.15381e+06	4200.000000	6.19113e+06	4200.000000	6.17272e+06	4200.000000	15339.6   	4200.000000	14515.8   	4200.000000	23595.2   	4200.000000	25167.7   	4200.000000	33677.2   	
4400.000000	6.03309e+06	4400.000000	6.12411e+06	4400.000000	6.47351e+06	4400.000000	6.51275e+06	4400.000000	6.49333e+06	4400.000000	15809.3   	4400.000000	15358.6   	4400.000000	24479     	4400.000000	26201.5   	4400.000000	35115     	
4600.000000	6.28889e+06	4600.000000	6.39858e+06	4600.000000	6.79246e+06	4600.000000	6.83361e+06	4600.000000	6.81317e+06	4600.000000	16265.4   	4600.000000	16210.3   	4600.000000	25343.2   	4600.000000	27215.3   	4600.000000	36527.3   	
4800.000000	6.53969e+06	4800.000000	6.66953e+06	4800.000000	7.11063e+06	4800.000000	7.15368e+06	4800.000000	7.13224e+06	4800.000000	16708.5   	4800.000000	17070.8   	4800.000000	26188.7   	4800.000000	28209.8   	4800.000000	37915     	
5000.000000	6.78556e+06	5000.000000	6.93701e+06	5000.000000	7.42803e+06	5000.000000	7.47296e+06	5000.000000	7.45052e+06	5000.000000	17139.7   	5000.000000	17939.9   	5000.000000	27016.4   	5000.000000	29185.9   	5000.000000	39278.9   	
5250.000000	7.08611e+06	5250.000000	7.26653e+06	5250.000000	7.82369e+06	5250.000000	7.87096e+06	5250.000000	7.84727e+06	5250.000000	17663     	5250.000000	19038.3   	5250.000000	28027.6   	5250.000000	30381.3   	5250.000000	40951.9   	
5500.000000	7.37929e+06	5500.000000	7.59079e+06	5500.000000	8.21814e+06	5500.000000	8.26773e+06	5500.000000	8.24281e+06	5500.000000	18170     	5500.000000	20149.8   	5500.000000	29014.2   	5500.000000	31550.3   	5500.000000	42590.9   	
6000.000000	7.94433e+06	6000.000000	8.22392e+06	6000.000000	9.00346e+06	6000.000000	9.05764e+06	6000.000000	9.03028e+06	6000.000000	19140.2   	6000.000000	22411.3   	6000.000000	30918.9   	6000.000000	33814.8   	6000.000000	45773.1   	
6500.000000	8.48229e+06	6500.000000	8.83733e+06	6500.000000	9.78415e+06	6500.000000	9.84284e+06	6500.000000	9.81308e+06	6500.000000	20058.3   	6500.000000	24722.9   	6500.000000	32740.9   	6500.000000	35988.6   	6500.000000	48837.1   	
7000.000000	8.99479e+06	7000.000000	9.43195e+06	7000.000000	1.05604e+07	7000.000000	1.06235e+07	7000.000000	1.05914e+07	7000.000000	20930.8   	7000.000000	27083     	7000.000000	34488.8   	7000.000000	38080.1   	7000.000000	51792.9   	
7500.000000	9.48343e+06	7500.000000	1.00087e+07	7500.000000	1.13323e+07	7500.000000	1.13999e+07	7500.000000	1.13654e+07	7500.000000	21763.2   	7500.000000	29490.3   	7500.000000	36169.9   	7500.000000	40096.2   	7500.000000	54649.5   	
8000.000000	9.9497e+06	8000.000000	1.05686e+07	8000.000000	1.21002e+07	8000.000000	1.21721e+07	8000.000000	1.21353e+07	8000.000000	22559.8   	8000.000000	31943.6   	8000.000000	37790.5   	8000.000000	42043.4   	8000.000000	57414.8   	
8500.000000	1.0395e+07	8500.000000	1.11124e+07	8500.000000	1.28642e+07	8500.000000	1.29404e+07	8500.000000	1.29013e+07	8500.000000	23324.3   	8500.000000	34441.5   	8500.000000	39355.9   	8500.000000	43927     	8500.000000	60095.9   	
9000.000000	1.08207e+07	9000.000000	1.1641e+07	9000.000000	1.36245e+07	9000.000000	1.37049e+07	9000.000000	1.36636e+07	9000.000000	24060     	9000.000000	36982.4   	9000.000000	40870.8   	9000.000000	45752     	9000.000000	62698.8   	
9500.000000	1.12281e+07	9500.000000	1.21552e+07	9500.000000	1.43812e+07	9500.000000	1.44658e+07	9500.000000	1.44223e+07	9500.000000	24769.5   	9500.000000	39565.1   	9500.000000	42339.3   	9500.000000	47522.7   	9500.000000	65229.3   	
10000.000000	1.16182e+07	10000.000000	1.26556e+07	10000.000000	1.51347e+07	10000.000000	1.52234e+07	10000.000000	1.51777e+07	10000.000000	25455.2   	10000.000000	42189.3   	10000.000000	43764.9   	10000.000000	49242.9   	10000.000000	67692.2   	
11000.000000	1.23509e+07	11000.000000	1.36182e+07	11000.000000	1.66321e+07	11000.000000	1.67289e+07	11000.000000	1.66789e+07	11000.000000	26762.7   	11000.000000	47559.4   	11000.000000	46500     	11000.000000	52545.5   	11000.000000	72432.9   	
12000.000000	1.30264e+07	12000.000000	1.45336e+07	12000.000000	1.81177e+07	12000.000000	1.82225e+07	12000.000000	1.81683e+07	12000.000000	27996     	12000.000000	53081.6   	12000.000000	49097.3   	12000.000000	55683.3   	12000.000000	76951.7   	
13000.000000	1.36511e+07	13000.000000	1.54064e+07	13000.000000	1.95927e+07	13000.000000	1.97053e+07	13000.000000	1.9647e+07	13000.000000	29165.2   	13000.000000	58747.8   	13000.000000	51573.9   	13000.000000	58675.7   	13000.000000	81273.7   	
14000.000000	1.42307e+07	14000.000000	1.62401e+07	14000.000000	2.10577e+07	14000.000000	2.1178e+07	14000.000000	2.11157e+07	14000.000000	30278.7   	14000.000000	64555.2   	14000.000000	53943.8   	14000.000000	61538.6   	14000.000000	85420.2   	
15000.000000	1.477e+07 	15000.000000	1.70384e+07	15000.000000	2.25136e+07	15000.000000	2.26414e+07	15000.000000	2.25753e+07	15000.000000	31343.2   	15000.000000	70502.1   	15000.000000	56218.6   	15000.000000	64285.4   	15000.000000	89408.7   	
16000.000000	1.52729e+07	16000.000000	1.78039e+07	16000.000000	2.39611e+07	16000.000000	2.40963e+07	16000.000000	2.40263e+07	16000.000000	32364.1   	16000.000000	76584.1   	16000.000000	58407.8   	16000.000000	66927.4   	16000.000000	93254.2   	
17000.000000	1.57433e+07	17000.000000	1.85395e+07	17000.000000	2.54008e+07	17000.000000	2.55431e+07	17000.000000	2.54694e+07	17000.000000	33345.9   	17000.000000	82794.9   	17000.000000	60519.6   	17000.000000	69474.2   	17000.000000	96969.7   	
18000.000000	1.6184e+07	18000.000000	1.92473e+07	18000.000000	2.68331e+07	18000.000000	2.69825e+07	18000.000000	2.69052e+07	18000.000000	34292.7   	18000.000000	89128.1   	18000.000000	62561     	18000.000000	71934.3   	18000.000000	100566    	
19000.000000	1.6598e+07	19000.000000	1.99294e+07	19000.000000	2.82585e+07	19000.000000	2.84148e+07	19000.000000	2.83339e+07	19000.000000	35207.5   	19000.000000	95578     	19000.000000	64538     	19000.000000	74314.8   	19000.000000	104053    	
20000.000000	1.69875e+07	20000.000000	2.05877e+07	20000.000000	2.96774e+07	20000.000000	2.98405e+07	20000.000000	2.97562e+07	20000.000000	36093.3   	20000.000000	102140    	20000.000000	66455.9   	20000.000000	76622     	20000.000000	107440    	
21000.000000	1.73548e+07	21000.000000	2.12237e+07	21000.000000	3.10901e+07	21000.000000	3.126e+07 	21000.000000	3.11723e+07	21000.000000	36952.4   	21000.000000	108809    	21000.000000	68319.2   	21000.000000	78861.5   	21000.000000	110733    	
22000.000000	1.77016e+07	22000.000000	2.18391e+07	22000.000000	3.2497e+07	22000.000000	3.26735e+07	22000.000000	3.25826e+07	22000.000000	37787.1   	22000.000000	115589    	22000.000000	70131.9   	22000.000000	81038.2   	22000.000000	113939    	
23000.000000	1.80297e+07	23000.000000	2.24351e+07	23000.000000	3.38985e+07	23000.000000	3.40815e+07	23000.000000	3.39874e+07	23000.000000	38599     	23000.000000	122477    	23000.000000	71897.5   	23000.000000	83156.4   	23000.000000	117065    	
24000.000000	1.83405e+07	24000.000000	2.30129e+07	24000.000000	3.52947e+07	24000.000000	3.54842e+07	24000.000000	3.5387e+07	24000.000000	39390     	24000.000000	129467    	24000.000000	73619.3   	24000.000000	85220.1   	24000.000000	120115    	
25000.000000	1.86354e+07	25000.000000	2.35736e+07	25000.000000	3.66861e+07	25000.000000	3.68818e+07	25000.000000	3.67816e+07	25000.000000	40161.4   	25000.000000	136553    	25000.000000	75300.1   	25000.000000	87232.7   	25000.000000	123094    	
26000.000000	1.89156e+07	26000.000000	2.41183e+07	26000.000000	3.80727e+07	26000.000000	3.82746e+07	26000.000000	3.81714e+07	26000.000000	40914.5   	26000.000000	143736    	26000.000000	76942.4   	26000.000000	89197.5   	26000.000000	126006    	
27000.000000	1.91821e+07	27000.000000	2.46478e+07	27000.000000	3.94548e+07	27000.000000	3.96628e+07	27000.000000	3.95568e+07	27000.000000	41650.6   	27000.000000	151015    	27000.000000	78548.6   	27000.000000	91117.1   	27000.000000	128856    	
28000.000000	1.9436e+07	28000.000000	2.51631e+07	28000.000000	4.08326e+07	28000.000000	4.10466e+07	28000.000000	4.09378e+07	28000.000000	42370.6   	28000.000000	158390    	28000.000000	80120.6   	28000.000000	92994.3   	28000.000000	131647    	
29000.000000	1.96781e+07	29000.000000	2.56648e+07	29000.000000	4.22063e+07	29000.000000	4.24262e+07	29000.000000	4.23148e+07	29000.000000	43075.6   	29000.000000	165857    	29000.000000	81660.5   	29000.000000	94831.3   	29000.000000	134382    	
30000.000000	1.99092e+07	30000.000000	2.61536e+07	30000.000000	4.3576e+07	30000.000000	4.38017e+07	30000.000000	4.36877e+07	30000.000000	43766.4   	30000.000000	173411    	30000.000000	83169.9   	30000.000000	96630.4   	30000.000000	137064    	
32000.000000	2.03412e+07	32000.000000	2.70955e+07	32000.000000	4.63042e+07	32000.000000	4.65412e+07	32000.000000	4.64224e+07	32000.000000	45108.3   	32000.000000	188774    	32000.000000	86103.5   	32000.000000	100122    	32000.000000	142279    	
34000.000000	2.07373e+07	34000.000000	2.79934e+07	34000.000000	4.90185e+07	34000.000000	4.92663e+07	34000.000000	4.9143e+07	34000.000000	46402     	34000.000000	204476    	34000.000000	88932.7   	34000.000000	103484    	34000.000000	147312    	
36000.000000	2.11017e+07	36000.000000	2.88513e+07	36000.000000	5.17197e+07	36000.000000	5.19779e+07	36000.000000	5.18506e+07	36000.000000	47652.1   	36000.000000	220508    	36000.000000	91666.9   	36000.000000	106728    	36000.000000	152178    	
38000.000000	2.14379e+07	38000.000000	2.96727e+07	38000.000000	5.44089e+07	38000.000000	5.4677e+07	38000.000000	5.45461e+07	38000.000000	48862.5   	38000.000000	236848    	38000.000000	94314.3   	38000.000000	109863    	38000.000000	156893    	
40000.000000	2.17492e+07	40000.000000	3.04606e+07	40000.000000	5.70868e+07	40000.000000	5.73643e+07	40000.000000	5.72301e+07	40000.000000	50036.7   	40000.000000	253471    	40000.000000	96882     	40000.000000	112900    	40000.000000	161468    	
42000.000000	2.20382e+07	42000.000000	3.12179e+07	42000.000000	5.97541e+07	42000.000000	6.00406e+07	42000.000000	5.99035e+07	42000.000000	51177.7   	42000.000000	270366    	42000.000000	99376.3   	42000.000000	115845    	42000.000000	165915    	
44000.000000	2.2307e+07	44000.000000	3.19468e+07	44000.000000	6.24114e+07	44000.000000	6.27064e+07	44000.000000	6.25669e+07	44000.000000	52288     	44000.000000	287527    	44000.000000	101802    	44000.000000	118705    	44000.000000	170242    	
46000.000000	2.25578e+07	46000.000000	3.26494e+07	46000.000000	6.50593e+07	46000.000000	6.53623e+07	46000.000000	6.52209e+07	46000.000000	53370     	46000.000000	304958    	46000.000000	104165    	46000.000000	121487    	46000.000000	174457    	
48000.000000	2.27923e+07	48000.000000	3.33276e+07	48000.000000	6.76983e+07	48000.000000	6.80088e+07	48000.000000	6.78659e+07	48000.000000	54425.5   	48000.000000	322657    	48000.000000	106469    	48000.000000	124196    	48000.000000	178569    	
50000.000000	2.30118e+07	50000.000000	3.39832e+07	50000.000000	7.03287e+07	50000.000000	7.06464e+07	50000.000000	7.05024e+07	50000.000000	55456.5   	50000.000000	340621    	50000.000000	108718    	50000.000000	126837    	50000.000000	182584    	
