! 1H energy loss (dE/dX) in H8C8
! apply ZOOM for details
Energy (MeV/u)1	0 - [He-base] F.Hubert et al, AD&ND Tables 46(1990)1	Energy (MeV/u)2	1 - [H -base] J.F.Ziegler et al,Pergamon Press,NY(low energy)	Energy (MeV/u)3	2 - ATIMA 1.2 LS-theory (recommended for high energy)	Energy (MeV/u)4	3 - ATIMA 1.2 without LS-correction	Energy (MeV/u)5	4 - ATIMA 1.4 H.Weick, improved mean charge formula for HI	Energy (MeV/u)6	5 - electrical component of [1] - J.F.Ziegler et al	Energy (MeV/u)7	6 - nuclear component of [1] - J.F.Ziegler et al	
0.001000	0.0210765 	0.001000	0.0275445 	0.001000	0.0359915 	0.001000	0.0359915 	0.001000	0.0359808 	0.001000	0.0241814 	0.001000	0.00336317	
0.002000	0.0256205 	0.002000	0.0332072 	0.002000	0.0411883 	0.002000	0.0411883 	0.002000	0.041182  	0.002000	0.0308206 	0.002000	0.00238653	
0.005000	0.0340437 	0.005000	0.0438488 	0.005000	0.0501657 	0.005000	0.0501657 	0.005000	0.0501629 	0.005000	0.0424737 	0.005000	0.00137511	
0.008000	0.039721  	0.008000	0.0510721 	0.008000	0.0558778 	0.008000	0.0558778 	0.008000	0.055876  	0.008000	0.0500683 	0.008000	0.00100388	
0.010000	0.0427921 	0.010000	0.0549943 	0.010000	0.0588811 	0.010000	0.0588811 	0.010000	0.0588796 	0.010000	0.0541354 	0.010000	0.000858916	
0.015000	0.0516646 	0.015000	0.0627226 	0.015000	0.0648489 	0.015000	0.0648489 	0.015000	0.064852  	0.015000	0.0620858 	0.015000	0.00063681	
0.020000	0.0589238 	0.020000	0.068908  	0.020000	0.0695145 	0.020000	0.0695145 	0.020000	0.0695138 	0.020000	0.0683938 	0.020000	0.000514201	
0.025000	0.0649239 	0.025000	0.0740282 	0.025000	0.073393  	0.025000	0.073393  	0.025000	0.0733925 	0.025000	0.0735942 	0.025000	0.000434069	
0.030000	0.0698519 	0.030000	0.0783346 	0.030000	0.0767645 	0.030000	0.0767645 	0.030000	0.076764  	0.030000	0.0779575 	0.030000	0.000377185	
0.035000	0.0738304 	0.035000	0.0819786 	0.035000	0.0795715 	0.035000	0.0795715 	0.035000	0.0795711 	0.035000	0.0816441 	0.035000	0.000334506	
0.040000	0.0769555 	0.040000	0.0850611 	0.040000	0.0819123 	0.040000	0.0819123 	0.040000	0.081912  	0.040000	0.0847599 	0.040000	0.000301186	
0.045000	0.0793134 	0.045000	0.0876554 	0.045000	0.0838579 	0.045000	0.0838579 	0.045000	0.0838576 	0.045000	0.0873811 	0.045000	0.000274379	
0.050000	0.0809869 	0.050000	0.089818  	0.050000	0.0854623 	0.050000	0.0854623 	0.050000	0.0854621 	0.050000	0.0895657 	0.050000	0.000252302	
0.055000	0.0820574 	0.055000	0.0915946 	0.055000	0.0867687 	0.055000	0.0867687 	0.055000	0.0867685 	0.055000	0.0913608 	0.055000	0.000233774	
0.060000	0.0826051 	0.060000	0.0930243 	0.060000	0.0878125 	0.060000	0.0878125 	0.060000	0.0878123 	0.060000	0.0928063 	0.060000	0.000217983	
0.070000	0.0824373 	0.070000	0.0949764 	0.070000	0.0892283 	0.070000	0.0892283 	0.070000	0.0892281 	0.070000	0.094784  	0.070000	0.000192445	
0.080000	0.0810456 	0.080000	0.0959109 	0.080000	0.0899053 	0.080000	0.0899053 	0.080000	0.0899052 	0.080000	0.0957383 	0.080000	0.000172635	
0.090000	0.0788927 	0.090000	0.0960279 	0.090000	0.0899962 	0.090000	0.0899962 	0.090000	0.0899961 	0.090000	0.0958711 	0.090000	0.000156783	
0.100000	0.0763292 	0.100000	0.0954997 	0.100000	0.0896233 	0.100000	0.0896233 	0.100000	0.0896232 	0.100000	0.0953559 	0.100000	0.000143785	
0.120000	0.0708723 	0.120000	0.0930756 	0.120000	0.0878685 	0.120000	0.0878685 	0.120000	0.0878684 	0.120000	0.092952  	0.120000	0.000123686	
0.140000	0.0657542 	0.140000	0.0895545 	0.140000	0.0852451 	0.140000	0.0852451 	0.140000	0.0852451 	0.140000	0.0894457 	0.140000	0.000108818	
0.160000	0.0613109 	0.160000	0.0855452 	0.160000	0.0821592 	0.160000	0.0821592 	0.160000	0.0821591 	0.160000	0.0854479 	0.160000	9.7339e-05	
0.180000	0.0575567 	0.180000	0.0814242 	0.180000	0.0788787 	0.180000	0.0788787 	0.180000	0.0788787 	0.180000	0.081336  	0.180000	8.81883e-05	
0.200000	0.0543978 	0.200000	0.0774071 	0.200000	0.0755758 	0.200000	0.0755758 	0.200000	0.0755758 	0.200000	0.0773264 	0.200000	8.07096e-05	
0.250000	0.0483988 	0.250000	0.0684121 	0.250000	0.0678088 	0.250000	0.0678088 	0.250000	0.0678087 	0.250000	0.0683452 	0.250000	6.68385e-05	
0.300000	0.0441213 	0.300000	0.0611218 	0.300000	0.0611542 	0.300000	0.0611542 	0.300000	0.0611542 	0.300000	0.0610646 	0.300000	5.72448e-05	
0.350000	0.0408367 	0.350000	0.0553065 	0.350000	0.0556375 	0.350000	0.0556375 	0.350000	0.0556375 	0.350000	0.0552564 	0.350000	5.01875e-05	
0.400000	0.0381732 	0.400000	0.0506323 	0.400000	0.0510884 	0.400000	0.0510884 	0.400000	0.0510884 	0.400000	0.0505875 	0.400000	4.47633e-05	
0.450000	0.0359316 	0.450000	0.0468162 	0.450000	0.0473132 	0.450000	0.0473132 	0.450000	0.0473132 	0.450000	0.0467757 	0.450000	4.04555e-05	
0.500000	0.0339967 	0.500000	0.0436457 	0.500000	0.0441452 	0.500000	0.0441452 	0.500000	0.0441452 	0.500000	0.0436088 	0.500000	3.6946e-05	
0.600000	0.0307848 	0.600000	0.0386685 	0.600000	0.0391355 	0.600000	0.0391355 	0.600000	0.0391355 	0.600000	0.0386369 	0.600000	3.15614e-05	
0.700000	0.028196  	0.700000	0.0349106 	0.700000	0.0353417 	0.700000	0.0353417 	0.700000	0.0353417 	0.700000	0.034883  	0.700000	2.76129e-05	
0.800000	0.0260487 	0.800000	0.0319447 	0.800000	0.0323496 	0.800000	0.0323496 	0.800000	0.0323496 	0.800000	0.0319202 	0.800000	2.45859e-05	
0.900000	0.0242318 	0.900000	0.029525  	0.900000	0.029913  	0.900000	0.029913  	0.900000	0.029913  	0.900000	0.0295028 	0.900000	2.21871e-05	
1.000000	0.022671  	1.000000	0.0275009 	1.000000	0.0278786 	1.000000	0.0278786 	1.000000	0.0278786 	1.000000	0.0274806 	1.000000	2.02364e-05	
1.250000	0.0195772 	1.250000	0.023604  	1.250000	0.0239716 	1.250000	0.0239716 	1.250000	0.0239716 	1.250000	0.0235874 	1.250000	1.66433e-05	
1.500000	0.0172724 	1.500000	0.0207725 	1.500000	0.0211379 	1.500000	0.0211379 	1.500000	0.0211379 	1.500000	0.0207584 	1.500000	1.41786e-05	
1.750000	0.0154832 	1.750000	0.0186024 	1.750000	0.0189664 	1.750000	0.0189664 	1.750000	0.0189664 	1.750000	0.0185901 	1.750000	1.23772e-05	
2.000000	0.0140509 	2.000000	0.0168771 	2.000000	0.0172388 	2.000000	0.0172388 	2.000000	0.0172388 	2.000000	0.0168661 	2.000000	1.09999e-05	
2.250000	0.0128764 	2.250000	0.0154677 	2.250000	0.015826  	2.250000	0.015826  	2.250000	0.015826  	2.250000	0.0154577 	2.250000	9.91088e-06	
2.500000	0.0118434 	2.500000	0.0142919 	2.500000	0.0146459 	2.500000	0.0146459 	2.500000	0.0146459 	2.500000	0.0142829 	2.500000	9.02701e-06	
3.000000	0.0103414 	3.000000	0.0124364 	3.000000	0.0127797 	3.000000	0.0127797 	3.000000	0.0127797 	3.000000	0.0124288 	3.000000	7.67712e-06	
3.500000	0.00920149	3.500000	0.0110336 	3.500000	0.0113649 	3.500000	0.0113649 	3.500000	0.0113649 	3.500000	0.0110269 	3.500000	6.69244e-06	
4.000000	0.0083043 	4.000000	0.00993236	4.000000	0.0102516 	4.000000	0.0102516 	4.000000	0.0102516 	4.000000	0.00992642	4.000000	5.94081e-06	
4.500000	0.00757829	4.500000	0.00904305	4.500000	0.00935043	4.500000	0.00935043	4.500000	0.00935043	4.500000	0.0090377 	4.500000	5.34731e-06	
5.000000	0.00697778	5.000000	0.00830865	5.000000	0.00860474	5.000000	0.00860474	5.000000	0.00860474	5.000000	0.00830378	5.000000	4.86618e-06	
5.500000	0.00647218	5.500000	0.00769113	5.500000	0.00797658	5.500000	0.00797658	5.500000	0.00797658	5.500000	0.00768666	5.500000	4.46789e-06	
6.000000	0.0060402 	6.000000	0.0071641 	6.000000	0.00743958	6.000000	0.00743958	6.000000	0.00743959	6.000000	0.00715997	6.000000	4.13246e-06	
6.500000	0.00566653	6.500000	0.00670865	6.500000	0.0069748 	6.500000	0.0069748 	6.500000	0.00697481	6.500000	0.0067048 	6.500000	3.84591e-06	
7.000000	0.00533988	7.000000	0.00631083	7.000000	0.00656827	7.000000	0.00656827	7.000000	0.00656828	7.000000	0.00630723	7.000000	3.59813e-06	
7.500000	0.00505174	7.500000	0.00596014	7.500000	0.00620945	7.500000	0.00620945	7.500000	0.00620945	7.500000	0.00595676	7.500000	3.38166e-06	
8.000000	0.00479553	8.000000	0.00564851	8.000000	0.00589021	8.000000	0.00589021	8.000000	0.00589022	8.000000	0.00564532	8.000000	3.19083e-06	
8.500000	0.00456612	8.500000	0.00536964	8.500000	0.00560421	8.500000	0.00560421	8.500000	0.00560422	8.500000	0.00536661	8.500000	3.02128e-06	
9.000000	0.00435944	9.000000	0.0051185 	9.000000	0.0053464 	9.000000	0.0053464 	9.000000	0.0053464 	9.000000	0.00511563	9.000000	2.86959e-06	
9.500000	0.0041722 	9.500000	0.00489109	9.500000	0.00511272	9.500000	0.00511272	9.500000	0.00511272	9.500000	0.00488836	9.500000	2.73304e-06	
10.000000	0.00400173	10.000000	0.00486884	10.000000	0.00489985	10.000000	0.00489985	10.000000	0.00489985	10.000000	0.00486623	10.000000	2.60943e-06	
11.000000	0.00370267	11.000000	0.00450781	11.000000	0.00452187	11.000000	0.00452191	11.000000	0.00452038	11.000000	0.00450542	11.000000	2.39425e-06	
12.000000	0.00344868	12.000000	0.00420018	12.000000	0.00420139	12.000000	0.00420146	12.000000	0.00419885	12.000000	0.00419796	12.000000	2.21318e-06	
13.000000	0.00323014	13.000000	0.00393476	13.000000	0.00392623	13.000000	0.00392627	13.000000	0.00392281	13.000000	0.0039327 	13.000000	2.0586e-06	
14.000000	0.00303996	14.000000	0.00370331	14.000000	0.00368739	14.000000	0.00368738	14.000000	0.0036832 	14.000000	0.00370139	14.000000	1.92502e-06	
15.000000	0.00287289	15.000000	0.00349962	15.000000	0.00347806	15.000000	0.00347806	15.000000	0.00347325	15.000000	0.00349781	15.000000	1.80839e-06	
16.000000	0.00272486	16.000000	0.00331892	16.000000	0.0032932 	16.000000	0.00329317	16.000000	0.00328781	16.000000	0.00331721	16.000000	1.70563e-06	
17.000000	0.00259275	17.000000	0.00315746	17.000000	0.00312883	17.000000	0.00312868	17.000000	0.00312285	17.000000	0.00315584	17.000000	1.61437e-06	
18.000000	0.00247408	18.000000	0.00301228	18.000000	0.00298165	18.000000	0.00298144	18.000000	0.00297519	18.000000	0.00301075	18.000000	1.53276e-06	
19.000000	0.00236685	19.000000	0.00288101	19.000000	0.0028491 	19.000000	0.0028489 	19.000000	0.00284227	19.000000	0.00287955	19.000000	1.45933e-06	
20.000000	0.00226947	20.000000	0.0027617 	20.000000	0.00272921	20.000000	0.002729  	20.000000	0.00272205	20.000000	0.00276031	20.000000	1.39289e-06	
21.000000	0.0021806 	21.000000	0.00265278	21.000000	0.00262029	21.000000	0.00262006	21.000000	0.00261281	21.000000	0.00265145	21.000000	1.33247e-06	
22.000000	0.00209916	22.000000	0.00255292	22.000000	0.00252089	22.000000	0.00252068	22.000000	0.00251316	22.000000	0.00255165	22.000000	1.27728e-06	
23.000000	0.00202424	23.000000	0.00246103	23.000000	0.0024299 	23.000000	0.00242968	23.000000	0.00242192	23.000000	0.0024598 	23.000000	1.22666e-06	
24.000000	0.00195506	24.000000	0.00237616	24.000000	0.0023464 	24.000000	0.00234609	24.000000	0.00233811	24.000000	0.00237498	24.000000	1.18007e-06	
25.000000	0.00189099	25.000000	0.00229753	25.000000	0.00226952	25.000000	0.00226908	25.000000	0.00226089	25.000000	0.0022964 	25.000000	1.13702e-06	
27.000000	0.00177601	27.000000	0.00215641	27.000000	0.00213257	27.000000	0.00213201	27.000000	0.00212347	27.000000	0.00215535	27.000000	1.06004e-06	
29.000000	0.00167571	29.000000	0.0020333 	29.000000	0.00201445	29.000000	0.0020139 	29.000000	0.00200506	29.000000	0.00203231	29.000000	9.93207e-07	
31.000000	0.00158741	31.000000	0.00192491	31.000000	0.00190982	31.000000	0.00190926	31.000000	0.0019006 	31.000000	0.00192398	31.000000	9.34602e-07	
33.000000	0.00150904	33.000000	0.00182873	33.000000	0.00181529	33.000000	0.00181477	33.000000	0.00180666	33.000000	0.00182785	33.000000	8.8278e-07	
35.000000	0.00143898	35.000000	0.00174276	35.000000	0.00173071	35.000000	0.00173024	35.000000	0.00172262	35.000000	0.00174193	35.000000	8.36612e-07	
38.000000	0.00134674	38.000000	0.00162964	38.000000	0.00161953	38.000000	0.0016189 	38.000000	0.00161191	38.000000	0.00162887	38.000000	7.7607e-07	
41.000000	0.00126707	41.000000	0.00153199	41.000000	0.00152331	41.000000	0.00152267	41.000000	0.0015162 	41.000000	0.00153126	41.000000	7.23999e-07	
44.000000	0.00119752	44.000000	0.0014468 	44.000000	0.00143921	44.000000	0.00143862	44.000000	0.00143261	44.000000	0.00144612	44.000000	6.78718e-07	
47.000000	0.00113623	47.000000	0.0013718 	47.000000	0.0013651 	47.000000	0.00136454	47.000000	0.00135893	47.000000	0.00137116	47.000000	6.38966e-07	
50.000000	0.0010818 	50.000000	0.00130524	50.000000	0.00129927	50.000000	0.00129874	50.000000	0.00129347	50.000000	0.00130463	50.000000	6.03776e-07	
55.000000	0.00100339	55.000000	0.00120949	55.000000	0.00120444	55.000000	0.00120395	55.000000	0.00119917	55.000000	0.00120894	55.000000	5.53296e-07	
60.000000	0.000937192	60.000000	0.00112878	60.000000	0.00112442	60.000000	0.00112394	60.000000	0.00111957	60.000000	0.00112827	60.000000	5.10878e-07	
65.000000	0.000880503	65.000000	0.00105979	65.000000	0.00105603	65.000000	0.00105546	65.000000	0.00105142	65.000000	0.00105932	65.000000	4.74712e-07	
70.000000	0.000831375	70.000000	0.00100012	70.000000	0.000996665	70.000000	0.000996148	70.000000	0.000992396	70.000000	0.000999676	70.000000	4.43498e-07	
75.000000	0.00078836	75.000000	0.000947972	75.000000	0.000944751	75.000000	0.000944262	75.000000	0.000940757	75.000000	0.000947555	75.000000	4.16271e-07	
80.000000	0.000750362	80.000000	0.000901996	80.000000	0.000898934	80.000000	0.000898473	80.000000	0.000895184	80.000000	0.000901604	80.000000	3.92307e-07	
85.000000	0.000716534	85.000000	0.000861147	85.000000	0.000858191	85.000000	0.000857755	85.000000	0.000854654	85.000000	0.000860776	85.000000	3.71044e-07	
90.000000	0.00068621	90.000000	0.000824604	90.000000	0.000821718	90.000000	0.0008213 	90.000000	0.000818366	90.000000	0.000824252	90.000000	3.52047e-07	
95.000000	0.000658861	95.000000	0.000791713	95.000000	0.000788962	95.000000	0.000788465	95.000000	0.000785681	95.000000	0.000791378	95.000000	3.34966e-07	
100.000000	0.00063406	100.000000	0.000761948	100.000000	0.000759208	100.000000	0.000758733	100.000000	0.000756082	100.000000	0.000761629	100.000000	3.19522e-07	
105.000000	0.000611458	105.000000	0.00073488	105.000000	0.000732133	105.000000	0.000731679	105.000000	0.000729148	105.000000	0.000734574	105.000000	3.05489e-07	
110.000000	0.000590769	110.000000	0.000710154	110.000000	0.000707391	110.000000	0.000706954	110.000000	0.000704532	110.000000	0.000709861	110.000000	2.92679e-07	
115.000000	0.000571755	115.000000	0.000687477	115.000000	0.000684688	115.000000	0.000684267	115.000000	0.000681944	115.000000	0.000687196	115.000000	2.80937e-07	
120.000000	0.000554214	120.000000	0.000666601	120.000000	0.000663781	120.000000	0.000663375	120.000000	0.000661142	120.000000	0.000666331	120.000000	2.70134e-07	
125.000000	0.000537978	125.000000	0.000647319	125.000000	0.000644465	125.000000	0.000644071	125.000000	0.000641921	125.000000	0.000647059	125.000000	2.60159e-07	
130.000000	0.000522902	130.000000	0.000629454	130.000000	0.000626561	130.000000	0.00062618	130.000000	0.000624107	130.000000	0.000629203	130.000000	2.50921e-07	
135.000000	0.000508864	135.000000	0.000612853	135.000000	0.000609913	135.000000	0.000609552	135.000000	0.000607549	135.000000	0.000612611	135.000000	2.42339e-07	
140.000000	0.000495758	140.000000	0.000597387	140.000000	0.000594443	140.000000	0.000594056	140.000000	0.000592119	140.000000	0.000597153	140.000000	2.34345e-07	
145.000000	0.00048349	145.000000	0.000582942	145.000000	0.000580003	145.000000	0.000579581	145.000000	0.000577704	145.000000	0.000582715	145.000000	2.26879e-07	
150.000000	0.000471982	150.000000	0.000569419	150.000000	0.000566438	150.000000	0.000566028	150.000000	0.000564208	150.000000	0.000569199	150.000000	2.19892e-07	
155.000000	0.000455778	155.000000	0.000556733	155.000000	0.000553707	155.000000	0.000553313	155.000000	0.000551545	155.000000	0.00055652	155.000000	2.13337e-07	
160.000000	0.00044628	160.000000	0.000544808	160.000000	0.000541745	160.000000	0.000541359	160.000000	0.00053964	160.000000	0.0005446 	160.000000	2.07175e-07	
165.000000	0.000437323	165.000000	0.000533576	165.000000	0.000530477	165.000000	0.0005301 	165.000000	0.000528428	165.000000	0.000533375	165.000000	2.01371e-07	
170.000000	0.000428862	170.000000	0.00052298	170.000000	0.000519846	170.000000	0.000519477	170.000000	0.000517848	170.000000	0.000522784	170.000000	1.95895e-07	
175.000000	0.000420857	175.000000	0.000512966	175.000000	0.000509798	175.000000	0.000509438	175.000000	0.00050785	175.000000	0.000512775	175.000000	1.9072e-07	
180.000000	0.00041327	180.000000	0.000503488	180.000000	0.000500288	180.000000	0.000499936	180.000000	0.000498387	180.000000	0.000503302	180.000000	1.8582e-07	
185.000000	0.000406069	185.000000	0.000494503	185.000000	0.000491275	185.000000	0.000490929	185.000000	0.000489416	185.000000	0.000494322	185.000000	1.81175e-07	
190.000000	0.000399226	190.000000	0.000485974	190.000000	0.00048272	190.000000	0.00048238	190.000000	0.000480901	190.000000	0.000485798	190.000000	1.76764e-07	
195.000000	0.000392714	195.000000	0.000477868	195.000000	0.000474584	195.000000	0.000474255	195.000000	0.000472808	195.000000	0.000477695	195.000000	1.7257e-07	
200.000000	0.000386509	200.000000	0.000470153	200.000000	0.000466843	200.000000	0.000466522	200.000000	0.000465107	200.000000	0.000469984	200.000000	1.68578e-07	
210.000000	0.000374937	210.000000	0.000455789	210.000000	0.000452487	210.000000	0.000452129	210.000000	0.00045077	210.000000	0.000455627	210.000000	1.61142e-07	
220.000000	0.00036436	220.000000	0.00044269	220.000000	0.000439364	220.000000	0.000439007	220.000000	0.0004377 	220.000000	0.000442536	220.000000	1.54355e-07	
230.000000	0.000354656	230.000000	0.000430698	230.000000	0.000427339	230.000000	0.000426996	230.000000	0.000425736	230.000000	0.000430549	230.000000	1.48136e-07	
240.000000	0.000345718	240.000000	0.000419677	240.000000	0.000416296	240.000000	0.000415963	240.000000	0.000414746	240.000000	0.000419534	240.000000	1.42414e-07	
250.000000	0.00033746	250.000000	0.000409515	250.000000	0.000406118	250.000000	0.000405794	250.000000	0.000404616	250.000000	0.000409378	250.000000	1.37133e-07	
260.000000	0.000329806	260.000000	0.000400116	260.000000	0.000396707	260.000000	0.000396392	260.000000	0.000395251	260.000000	0.000399984	260.000000	1.32243e-07	
270.000000	0.000322693	270.000000	0.000391398	270.000000	0.000387983	270.000000	0.000387676	270.000000	0.000386568	270.000000	0.00039127	270.000000	1.277e-07 	
280.000000	0.000316065	280.000000	0.00038329	280.000000	0.000379873	280.000000	0.000379573	280.000000	0.000378496	280.000000	0.000383167	280.000000	1.2347e-07	
290.000000	0.000309873	290.000000	0.000375731	290.000000	0.000372311	290.000000	0.000372023	290.000000	0.000370974	290.000000	0.000375612	290.000000	1.1952e-07	
300.000000	0.000304078	300.000000	0.000368668	300.000000	0.000365274	300.000000	0.000364972	300.000000	0.00036395	300.000000	0.000368552	300.000000	1.15824e-07	
310.000000	0.000298641	310.000000	0.000362055	310.000000	0.000358695	310.000000	0.000358372	310.000000	0.000357375	310.000000	0.000361942	310.000000	1.12357e-07	
320.000000	0.000293531	320.000000	0.000355849	320.000000	0.0003525 	320.000000	0.000352184	320.000000	0.00035121	320.000000	0.00035574	320.000000	1.09098e-07	
330.000000	0.00028872	330.000000	0.000350016	330.000000	0.000346677	330.000000	0.00034637	330.000000	0.000345418	330.000000	0.00034991	330.000000	1.06029e-07	
340.000000	0.000284181	340.000000	0.000344524	340.000000	0.000341201	340.000000	0.000340898	340.000000	0.000339967	340.000000	0.000344421	340.000000	1.03134e-07	
350.000000	0.000279894	350.000000	0.000339344	350.000000	0.000336038	350.000000	0.000335741	350.000000	0.000334829	350.000000	0.000339243	350.000000	1.00398e-07	
360.000000	0.000275839	360.000000	0.000334451	360.000000	0.000331164	360.000000	0.000330873	360.000000	0.000329979	360.000000	0.000334353	360.000000	9.78083e-08	
370.000000	0.000271996	370.000000	0.000329822	370.000000	0.000326522	370.000000	0.000326235	370.000000	0.000325358	370.000000	0.000329727	370.000000	9.53532e-08	
380.000000	0.000268351	380.000000	0.000325438	380.000000	0.000322127	380.000000	0.000321844	380.000000	0.000320984	380.000000	0.000325345	380.000000	9.30225e-08	
390.000000	0.000264888	390.000000	0.000321279	390.000000	0.00031796	390.000000	0.000317682	390.000000	0.000316836	390.000000	0.000321188	390.000000	9.08067e-08	
400.000000	0.000261595	400.000000	0.00031733	400.000000	0.000314005	400.000000	0.000313731	400.000000	0.0003129 	400.000000	0.000317241	400.000000	8.86976e-08	
410.000000	0.000258461	410.000000	0.000313576	410.000000	0.000310247	410.000000	0.000309976	410.000000	0.000309159	410.000000	0.000313489	410.000000	8.66875e-08	
420.000000	0.000255473	420.000000	0.000310002	420.000000	0.000306673	420.000000	0.000306405	420.000000	0.000305601	420.000000	0.000309917	420.000000	8.47694e-08	
430.000000	0.000252623	430.000000	0.000306598	430.000000	0.000303267	430.000000	0.000303004	430.000000	0.000302212	430.000000	0.000306515	430.000000	8.29373e-08	
440.000000	0.000249901	440.000000	0.000303351	440.000000	0.000300019	440.000000	0.000299762	440.000000	0.000298982	440.000000	0.00030327	440.000000	8.11853e-08	
450.000000	0.0002473 	450.000000	0.000300251	450.000000	0.000296923	450.000000	0.000296668	450.000000	0.0002959 	450.000000	0.000300172	450.000000	7.95082e-08	
460.000000	0.000244811	460.000000	0.00029729	460.000000	0.000293976	460.000000	0.000293714	460.000000	0.000292956	460.000000	0.000297212	460.000000	7.79013e-08	
470.000000	0.000242429	470.000000	0.000294458	470.000000	0.000291164	470.000000	0.00029089	470.000000	0.000290142	470.000000	0.000294382	470.000000	7.63602e-08	
480.000000	0.000240147	480.000000	0.000291748	480.000000	0.00028847	480.000000	0.000288189	480.000000	0.000287451	480.000000	0.000291673	480.000000	7.4881e-08	
490.000000	0.000237958	490.000000	0.000289153	490.000000	0.000285881	490.000000	0.000285602	490.000000	0.000284874	490.000000	0.000289079	490.000000	7.34599e-08	
500.000000	0.000235858	500.000000	0.000286665	500.000000	0.000283398	500.000000	0.000283125	500.000000	0.000282405	500.000000	0.000286593	500.000000	7.20935e-08	
520.000000	0.000231904	520.000000	0.000281988	520.000000	0.000278736	520.000000	0.000278469	520.000000	0.000277766	520.000000	0.000281918	520.000000	6.95125e-08	
540.000000	0.00022825	540.000000	0.000277674	540.000000	0.000274441	540.000000	0.000274178	540.000000	0.000273491	540.000000	0.000277607	540.000000	6.71158e-08	
560.000000	0.000224865	560.000000	0.000273685	560.000000	0.00027047	560.000000	0.000270212	560.000000	0.000269539	560.000000	0.00027362	560.000000	6.4884e-08	
580.000000	0.000221723	580.000000	0.000269989	580.000000	0.000266792	580.000000	0.000266538	580.000000	0.000265879	580.000000	0.000269926	580.000000	6.28005e-08	
600.000000	0.000218801	600.000000	0.000266556	600.000000	0.000263378	600.000000	0.000263128	600.000000	0.000262481	600.000000	0.000266495	600.000000	6.08509e-08	
620.000000	0.000216078	620.000000	0.000263362	620.000000	0.000260202	620.000000	0.000259956	620.000000	0.00025932	620.000000	0.000263303	620.000000	5.90226e-08	
640.000000	0.000213536	640.000000	0.000260385	640.000000	0.000257243	640.000000	0.000256999	640.000000	0.000256375	640.000000	0.000260328	640.000000	5.73043e-08	
660.000000	0.000211161	660.000000	0.000257607	660.000000	0.000254479	660.000000	0.00025424	660.000000	0.000253625	660.000000	0.000257551	660.000000	5.56864e-08	
680.000000	0.000208938	680.000000	0.000255009	680.000000	0.000251893	680.000000	0.000251659	680.000000	0.000251054	680.000000	0.000254954	680.000000	5.41603e-08	
700.000000	0.000206854	700.000000	0.000252576	700.000000	0.000249478	700.000000	0.000249242	700.000000	0.000248646	700.000000	0.000252524	700.000000	5.27182e-08	
720.000000	0.0002049 	720.000000	0.000250296	720.000000	0.000247221	720.000000	0.000246975	720.000000	0.000246387	720.000000	0.000250245	720.000000	5.13533e-08	
740.000000	0.000203064	740.000000	0.000248157	740.000000	0.000245101	740.000000	0.000244846	740.000000	0.000244266	740.000000	0.000248107	740.000000	5.00596e-08	
760.000000	0.000201338	760.000000	0.000246147	760.000000	0.000243098	760.000000	0.000242845	760.000000	0.000242272	760.000000	0.000246098	760.000000	4.88315e-08	
780.000000	0.000199715	780.000000	0.000244256	780.000000	0.000241209	780.000000	0.00024096	780.000000	0.000240394	780.000000	0.000244208	780.000000	4.76641e-08	
800.000000	0.000198186	800.000000	0.000242477	800.000000	0.000239429	800.000000	0.000239184	800.000000	0.000238624	800.000000	0.00024243	800.000000	4.65531e-08	
820.000000	0.000196745	820.000000	0.0002408 	820.000000	0.000237751	820.000000	0.000237508	820.000000	0.000236955	820.000000	0.000240755	820.000000	4.54942e-08	
840.000000	0.000195387	840.000000	0.000239219	840.000000	0.000236167	840.000000	0.000235925	840.000000	0.000235378	840.000000	0.000239175	840.000000	4.4484e-08	
860.000000	0.000194105	860.000000	0.000237728	860.000000	0.000234668	860.000000	0.000234428	860.000000	0.000233887	860.000000	0.000237685	860.000000	4.35191e-08	
880.000000	0.000192896	880.000000	0.00023632	880.000000	0.00023325	880.000000	0.000233012	880.000000	0.000232476	880.000000	0.000236278	880.000000	4.25965e-08	
900.000000	0.000191754	900.000000	0.00023499	900.000000	0.000231907	900.000000	0.000231671	900.000000	0.00023114	900.000000	0.000234948	900.000000	4.17134e-08	
920.000000	0.000190675	920.000000	0.000233733	920.000000	0.000230634	920.000000	0.0002304 	920.000000	0.000229874	920.000000	0.000233692	920.000000	4.08674e-08	
940.000000	0.000189655	940.000000	0.000232544	940.000000	0.000229427	940.000000	0.000229195	940.000000	0.000228673	940.000000	0.000232504	940.000000	4.00561e-08	
960.000000	0.000188692	960.000000	0.00023142	960.000000	0.000228281	960.000000	0.00022805	960.000000	0.000227533	960.000000	0.000231381	960.000000	3.92774e-08	
980.000000	0.000187781	980.000000	0.000230356	980.000000	0.000227193	980.000000	0.000226963	980.000000	0.000226451	980.000000	0.000230317	980.000000	3.85293e-08	
1000.000000	0.00018692	1000.000000	0.000229349	1000.000000	0.000226158	1000.000000	0.00022593	1000.000000	0.000225421	1000.000000	0.000229311	1000.000000	3.78101e-08	
1020.000000	0.000186106	1020.000000	0.000228395	1020.000000	0.000225175	1020.000000	0.000224948	1020.000000	0.000224443	1020.000000	0.000228358	1020.000000	3.71181e-08	
1040.000000	0.000185336	1040.000000	0.000227492	1040.000000	0.000224238	1040.000000	0.000224013	1040.000000	0.000223512	1040.000000	0.000227456	1040.000000	3.64518e-08	
1060.000000	0.000184608	1060.000000	0.000226637	1060.000000	0.000223347	1060.000000	0.000223123	1060.000000	0.000222625	1060.000000	0.000226601	1060.000000	3.58098e-08	
1080.000000	0.000183921	1080.000000	0.000225826	1080.000000	0.000222497	1080.000000	0.000222275	1080.000000	0.00022178	1080.000000	0.000225791	1080.000000	3.51907e-08	
1100.000000	0.000183271	1100.000000	0.000225059	1100.000000	0.000221688	1100.000000	0.000221467	1100.000000	0.000220975	1100.000000	0.000225024	1100.000000	3.45933e-08	
1120.000000	0.000182657	1120.000000	0.000224332	1120.000000	0.000220917	1120.000000	0.000220696	1120.000000	0.000220208	1120.000000	0.000224298	1120.000000	3.40165e-08	
1140.000000	0.000182077	1140.000000	0.000223643	1140.000000	0.000220181	1140.000000	0.000219961	1140.000000	0.000219476	1140.000000	0.00022361	1140.000000	3.34592e-08	
1160.000000	0.00018153	1160.000000	0.000222991	1160.000000	0.000219478	1160.000000	0.000219259	1160.000000	0.000218777	1160.000000	0.000222958	1160.000000	3.29204e-08	
1180.000000	0.000181014	1180.000000	0.000222373	1180.000000	0.000218807	1180.000000	0.000218589	1180.000000	0.00021811	1180.000000	0.000222341	1180.000000	3.23993e-08	
1200.000000	0.000180527	1200.000000	0.000221789	1200.000000	0.000218166	1200.000000	0.00021795	1200.000000	0.000217473	1200.000000	0.000221757	1200.000000	3.1895e-08	
1220.000000	0.000180069	1220.000000	0.000221236	1220.000000	0.000217553	1220.000000	0.000217339	1220.000000	0.000216864	1220.000000	0.000221204	1220.000000	3.14066e-08	
1240.000000	0.000179637	1240.000000	0.000220712	1240.000000	0.000216967	1240.000000	0.000216754	1240.000000	0.000216283	1240.000000	0.000220681	1240.000000	3.09334e-08	
1260.000000	0.000179231	1260.000000	0.000220217	1260.000000	0.000216407	1260.000000	0.000216196	1260.000000	0.000215727	1260.000000	0.000220187	1260.000000	3.04747e-08	
1280.000000	0.00017885	1280.000000	0.000219749	1280.000000	0.000215872	1280.000000	0.000215662	1280.000000	0.000215195	1280.000000	0.000219719	1280.000000	3.00298e-08	
1300.000000	0.000178492	1300.000000	0.000219307	1300.000000	0.000215362	1300.000000	0.000215151	1300.000000	0.000214686	1300.000000	0.000219278	1300.000000	2.95982e-08	
1320.000000	0.000178157	1320.000000	0.00021889	1320.000000	0.000214874	1320.000000	0.000214662	1320.000000	0.0002142 	1320.000000	0.000218861	1320.000000	2.91791e-08	
1340.000000	0.000177843	1340.000000	0.000218497	1340.000000	0.000214409	1340.000000	0.000214195	1340.000000	0.000213734	1340.000000	0.000218468	1340.000000	2.87722e-08	
1360.000000	0.00017755	1360.000000	0.000218126	1360.000000	0.000213964	1360.000000	0.000213747	1360.000000	0.000213288	1360.000000	0.000218097	1360.000000	2.83768e-08	
1380.000000	0.000177277	1380.000000	0.000217777	1380.000000	0.000213538	1380.000000	0.000213318	1380.000000	0.000212862	1380.000000	0.000217749	1380.000000	2.79924e-08	
1400.000000	0.000177023	1400.000000	0.000217448	1400.000000	0.000213131	1400.000000	0.000212908	1400.000000	0.000212453	1400.000000	0.00021742	1400.000000	2.76187e-08	
1420.000000	0.000176787	1420.000000	0.000217139	1420.000000	0.00021274	1420.000000	0.000212515	1420.000000	0.000212062	1420.000000	0.000217112	1420.000000	2.72551e-08	
1440.000000	0.000176569	1440.000000	0.00021685	1440.000000	0.000212366	1440.000000	0.000212139	1440.000000	0.000211687	1440.000000	0.000216823	1440.000000	2.69013e-08	
1460.000000	0.000176368	1460.000000	0.000216579	1460.000000	0.000212006	1460.000000	0.000211778	1460.000000	0.000211328	1460.000000	0.000216552	1460.000000	2.65568e-08	
1480.000000	0.000176183	1480.000000	0.000216325	1480.000000	0.000211661	1480.000000	0.000211432	1480.000000	0.000210985	1480.000000	0.000216299	1480.000000	2.62213e-08	
1500.000000	0.000176014	1500.000000	0.000216088	1500.000000	0.000211329	1500.000000	0.000211101	1500.000000	0.000210655	1500.000000	0.000216062	1500.000000	2.58944e-08	
1520.000000	0.00017586	1520.000000	0.000215868	1520.000000	0.000211011	1520.000000	0.000210784	1520.000000	0.000210339	1520.000000	0.000215842	1520.000000	2.55759e-08	
1540.000000	0.000175721	1540.000000	0.000215663	1540.000000	0.000210706	1540.000000	0.00021048	1540.000000	0.000210037	1540.000000	0.000215638	1540.000000	2.52653e-08	
1560.000000	0.000175596	1560.000000	0.000215473	1560.000000	0.000210414	1560.000000	0.000210189	1560.000000	0.000209747	1560.000000	0.000215448	1560.000000	2.49625e-08	
1580.000000	0.000175484	1580.000000	0.000215297	1580.000000	0.000210134	1580.000000	0.00020991	1580.000000	0.00020947	1580.000000	0.000215273	1580.000000	2.4667e-08	
1600.000000	0.000175386	1600.000000	0.000215136	1600.000000	0.000209865	1600.000000	0.000209643	1600.000000	0.000209204	1600.000000	0.000215111	1600.000000	2.43787e-08	
1620.000000	0.0001753 	1620.000000	0.000214988	1620.000000	0.000209608	1620.000000	0.000209386	1620.000000	0.000208949	1620.000000	0.000214964	1620.000000	2.40972e-08	
1640.000000	0.000175226	1640.000000	0.000214852	1640.000000	0.000209362	1640.000000	0.000209141	1640.000000	0.000208704	1640.000000	0.000214828	1640.000000	2.38224e-08	
1660.000000	0.000175164	1660.000000	0.000214729	1660.000000	0.000209126	1660.000000	0.000208905	1660.000000	0.00020847	1660.000000	0.000214706	1660.000000	2.35539e-08	
1680.000000	0.000175114	1680.000000	0.000214619	1680.000000	0.0002089 	1680.000000	0.00020868	1680.000000	0.000208246	1680.000000	0.000214595	1680.000000	2.32916e-08	
1700.000000	0.000175075	1700.000000	0.000214519	1700.000000	0.000208684	1700.000000	0.000208464	1700.000000	0.000208031	1700.000000	0.000214496	1700.000000	2.30353e-08	
1750.000000	0.000175024	1750.000000	0.000214319	1750.000000	0.000208182	1750.000000	0.000207963	1750.000000	0.000207533	1750.000000	0.000214297	1750.000000	2.24193e-08	
1800.000000	0.000175034	1800.000000	0.000214184	1800.000000	0.000207731	1800.000000	0.000207514	1800.000000	0.000207086	1800.000000	0.000214162	1800.000000	2.18364e-08	
1850.000000	0.000175102	1850.000000	0.000214107	1850.000000	0.000207328	1850.000000	0.000207111	1850.000000	0.000206686	1850.000000	0.000214086	1850.000000	2.12839e-08	
1900.000000	0.000175224	1900.000000	0.000214085	1900.000000	0.000206967	1900.000000	0.000206751	1900.000000	0.000206329	1900.000000	0.000214064	1900.000000	2.07595e-08	
1950.000000	0.000175395	1950.000000	0.000214112	1950.000000	0.000206645	1950.000000	0.00020643	1950.000000	0.000206009	1950.000000	0.000214092	1950.000000	2.02611e-08	
2000.000000	0.000175612	2000.000000	0.000214187	2000.000000	0.000206358	2000.000000	0.000206144	2000.000000	0.000205725	2000.000000	0.000214167	2000.000000	1.97868e-08	
2100.000000	0.000176175	2100.000000	0.000214462	2100.000000	0.000205878	2100.000000	0.000205666	2100.000000	0.000205251	2100.000000	0.000214443	2100.000000	1.89036e-08	
2200.000000	0.000176889	2200.000000	0.000214886	2200.000000	0.000205508	2200.000000	0.000205296	2200.000000	0.000204885	2200.000000	0.000214868	2200.000000	1.80982e-08	
2300.000000	0.000177739	2300.000000	0.00021544	2300.000000	0.000205229	2300.000000	0.000205019	2300.000000	0.000204611	2300.000000	0.000215423	2300.000000	1.73605e-08	
2400.000000	0.000178709	2400.000000	0.000216108	2400.000000	0.000205027	2400.000000	0.000204819	2400.000000	0.000204413	2400.000000	0.000216091	2400.000000	1.66822e-08	
2500.000000	0.000179787	2500.000000	0.000216875	2500.000000	0.000204892	2500.000000	0.000204685	2500.000000	0.000204282	2500.000000	0.000216859	2500.000000	1.60565e-08	
2600.000000	0.000180962	2600.000000	0.000217731	2600.000000	0.000204814	2600.000000	0.000204607	2600.000000	0.000204207	2600.000000	0.000217716	2600.000000	1.54773e-08	
2700.000000	0.000182225	2700.000000	0.000218665	2700.000000	0.000204784	2700.000000	0.000204578	2700.000000	0.000204179	2700.000000	0.00021865	2700.000000	1.49396e-08	
2800.000000	0.000183568	2800.000000	0.000219669	2800.000000	0.000204795	2800.000000	0.00020459	2800.000000	0.000204193	2800.000000	0.000219655	2800.000000	1.44391e-08	
2900.000000	0.000184984	2900.000000	0.000220736	2900.000000	0.000204842	2900.000000	0.000204638	2900.000000	0.000204243	2900.000000	0.000220722	2900.000000	1.3972e-08	
3000.000000	0.000186468	3000.000000	0.000221858	3000.000000	0.00020492	3000.000000	0.000204716	3000.000000	0.000204323	3000.000000	0.000221844	3000.000000	1.3535e-08	
3200.000000	0.000189617	3200.000000	0.00022425	3200.000000	0.000205152	3200.000000	0.000204949	3200.000000	0.000204559	3200.000000	0.000224237	3200.000000	1.27404e-08	
3400.000000	0.000192982	3400.000000	0.000226808	3400.000000	0.000205465	3400.000000	0.000205263	3400.000000	0.000204874	3400.000000	0.000226796	3400.000000	1.20363e-08	
3600.000000	0.000196534	3600.000000	0.000229504	3600.000000	0.000205837	3600.000000	0.000205636	3600.000000	0.000205249	3600.000000	0.000229493	3600.000000	1.1408e-08	
3800.000000	0.000200252	3800.000000	0.000232316	3800.000000	0.000206254	3800.000000	0.000206053	3800.000000	0.000205669	3800.000000	0.000232305	3800.000000	1.08438e-08	
4000.000000	0.000204119	4000.000000	0.000235224	4000.000000	0.000206704	4000.000000	0.000206504	4000.000000	0.000206121	4000.000000	0.000235213	4000.000000	1.03342e-08	
4200.000000	0.000208121	4200.000000	0.000238215	4200.000000	0.000207178	4200.000000	0.000206979	4200.000000	0.000206597	4200.000000	0.000238205	4200.000000	9.87168e-09	
4400.000000	0.000212245	4400.000000	0.000241276	4400.000000	0.000207669	4400.000000	0.000207471	4400.000000	0.00020709	4400.000000	0.000241266	4400.000000	9.44987e-09	
4600.000000	0.000216482	4600.000000	0.000244398	4600.000000	0.000208173	4600.000000	0.000207975	4600.000000	0.000207595	4600.000000	0.000244389	4600.000000	9.06359e-09	
4800.000000	0.000220824	4800.000000	0.000247572	4800.000000	0.000208684	4800.000000	0.000208486	4800.000000	0.000208107	4800.000000	0.000247564	4800.000000	8.70849e-09	
5000.000000	0.000225264	5000.000000	0.000250792	5000.000000	0.0002092 	5000.000000	0.000209002	5000.000000	0.000208624	5000.000000	0.000250784	5000.000000	8.38093e-09	
5250.000000	0.000230943	5250.000000	0.000254873	5250.000000	0.000209847	5250.000000	0.00020965	5250.000000	0.000209272	5250.000000	0.000254865	5250.000000	8.00548e-09	
5500.000000	0.000236756	5500.000000	0.000259006	5500.000000	0.000210493	5500.000000	0.000210296	5500.000000	0.000209919	5500.000000	0.000258998	5500.000000	7.66311e-09	
6000.000000	0.000248753	6000.000000	0.000267401	6000.000000	0.000211771	6000.000000	0.000211575	6000.000000	0.000211199	6000.000000	0.000267394	6000.000000	7.06141e-09	
6500.000000	0.000261206	6500.000000	0.000275929	6500.000000	0.000213019	6500.000000	0.000212824	6500.000000	0.000212449	6500.000000	0.000275922	6500.000000	6.54955e-09	
7000.000000	0.000274079	7000.000000	0.000284556	7000.000000	0.00021423	7000.000000	0.000214035	7000.000000	0.000213661	7000.000000	0.00028455	7000.000000	6.10866e-09	
7500.000000	0.000287345	7500.000000	0.000293258	7500.000000	0.000215399	7500.000000	0.000215204	7500.000000	0.000214831	7500.000000	0.000293253	7500.000000	5.72482e-09	
8000.000000	0.000300983	8000.000000	0.000302017	8000.000000	0.000216526	8000.000000	0.000216331	8000.000000	0.000215958	8000.000000	0.000302012	8000.000000	5.38754e-09	
8500.000000	0.000314979	8500.000000	0.00031082	8500.000000	0.000217609	8500.000000	0.000217415	8500.000000	0.000217042	8500.000000	0.000310814	8500.000000	5.08877e-09	
9000.000000	0.00032932	9000.000000	0.000319654	9000.000000	0.000218652	9000.000000	0.000218458	9000.000000	0.000218085	9000.000000	0.000319649	9000.000000	4.82222e-09	
9500.000000	0.000343996	9500.000000	0.000328514	9500.000000	0.000219656	9500.000000	0.000219462	9500.000000	0.000219089	9500.000000	0.000328509	9500.000000	4.5829e-09	
10000.000000	0.000359001	10000.000000	0.000337392	10000.000000	0.000220623	10000.000000	0.000220427	10000.000000	0.000220054	10000.000000	0.000337387	10000.000000	4.3668e-09	
11000.000000	0.000389971	11000.000000	0.000355183	11000.000000	0.000222446	11000.000000	0.000222252	11000.000000	0.000221879	11000.000000	0.000355179	11000.000000	3.99186e-09	
12000.000000	0.000422194	12000.000000	0.000373001	12000.000000	0.000224134	12000.000000	0.000223948	12000.000000	0.000223574	12000.000000	0.000372997	12000.000000	3.67766e-09	
13000.000000	0.000455646	13000.000000	0.000390825	13000.000000	0.000225715	13000.000000	0.000225529	13000.000000	0.000225155	13000.000000	0.000390822	13000.000000	3.41042e-09	
14000.000000	0.00049031	14000.000000	0.000408644	14000.000000	0.000227205	14000.000000	0.000227008	14000.000000	0.000226633	14000.000000	0.000408641	14000.000000	3.18029e-09	
15000.000000	0.000526176	15000.000000	0.000426449	15000.000000	0.000228609	15000.000000	0.000228396	15000.000000	0.00022802	15000.000000	0.000426446	15000.000000	2.97997e-09	
16000.000000	0.000563237	16000.000000	0.000444235	16000.000000	0.000229927	16000.000000	0.000229702	16000.000000	0.000229325	16000.000000	0.000444232	16000.000000	2.80398e-09	
17000.000000	0.000601489	17000.000000	0.000461997	17000.000000	0.000231162	17000.000000	0.000230935	17000.000000	0.000230556	17000.000000	0.000461995	17000.000000	2.64812e-09	
18000.000000	0.00064093	18000.000000	0.000479734	18000.000000	0.000232323	18000.000000	0.000232102	18000.000000	0.000231722	18000.000000	0.000479732	18000.000000	2.50908e-09	
19000.000000	0.000681558	19000.000000	0.000497444	19000.000000	0.000233417	19000.000000	0.000233208	19000.000000	0.000232827	19000.000000	0.000497441	19000.000000	2.38426e-09	
20000.000000	0.000723376	20000.000000	0.000515125	20000.000000	0.000234451	20000.000000	0.00023426	20000.000000	0.000233878	20000.000000	0.000515123	20000.000000	2.27157e-09	
21000.000000	0.000766384	21000.000000	0.000532778	21000.000000	0.000235438	21000.000000	0.000235263	21000.000000	0.000234879	21000.000000	0.000532775	21000.000000	2.16931e-09	
22000.000000	0.000810586	22000.000000	0.000550401	22000.000000	0.000236394	22000.000000	0.00023622	22000.000000	0.000235834	22000.000000	0.000550399	22000.000000	2.07609e-09	
23000.000000	0.000855984	23000.000000	0.000567996	23000.000000	0.000237311	23000.000000	0.000237135	23000.000000	0.000236748	23000.000000	0.000567994	23000.000000	1.99074e-09	
24000.000000	0.000902581	24000.000000	0.000585562	24000.000000	0.000238188	24000.000000	0.000238013	24000.000000	0.000237623	24000.000000	0.00058556	24000.000000	1.9123e-09	
25000.000000	0.000950383	25000.000000	0.0006031 	25000.000000	0.000239029	25000.000000	0.000238854	25000.000000	0.000238463	25000.000000	0.000603098	25000.000000	1.83997e-09	
26000.000000	0.000999393	26000.000000	0.00062061	26000.000000	0.000239838	26000.000000	0.000239663	26000.000000	0.00023927	26000.000000	0.000620608	26000.000000	1.77303e-09	
27000.000000	0.00104962	27000.000000	0.000638092	27000.000000	0.000240618	27000.000000	0.000240441	27000.000000	0.000240046	27000.000000	0.000638091	27000.000000	1.71092e-09	
28000.000000	0.00110106	28000.000000	0.000655548	28000.000000	0.000241368	28000.000000	0.000241191	28000.000000	0.000240794	28000.000000	0.000655546	28000.000000	1.65312e-09	
29000.000000	0.00115372	29000.000000	0.000672977	29000.000000	0.000242089	29000.000000	0.000241915	29000.000000	0.000241515	29000.000000	0.000672975	29000.000000	1.5992e-09	
30000.000000	0.00120761	30000.000000	0.00069038	30000.000000	0.000242783	30000.000000	0.000242614	30000.000000	0.000242212	30000.000000	0.000690378	30000.000000	1.54877e-09	
32000.000000	0.00131911	32000.000000	0.00072511	32000.000000	0.000244102	32000.000000	0.000243944	32000.000000	0.000243537	32000.000000	0.000725109	32000.000000	1.4571e-09	
34000.000000	0.00143559	34000.000000	0.000759744	34000.000000	0.000245341	34000.000000	0.000245193	34000.000000	0.00024478	34000.000000	0.000759743	34000.000000	1.37592e-09	
36000.000000	0.0015571 	36000.000000	0.000794285	36000.000000	0.000246511	36000.000000	0.000246369	36000.000000	0.000245951	36000.000000	0.000794283	36000.000000	1.30352e-09	
38000.000000	0.00168369	38000.000000	0.000828736	38000.000000	0.000247618	38000.000000	0.00024748	38000.000000	0.000247056	38000.000000	0.000828735	38000.000000	1.23854e-09	
40000.000000	0.00181542	40000.000000	0.000863103	40000.000000	0.000248667	40000.000000	0.000248533	40000.000000	0.000248103	40000.000000	0.000863102	40000.000000	1.17987e-09	
42000.000000	0.00195234	42000.000000	0.000897389	42000.000000	0.000249664	42000.000000	0.000249533	42000.000000	0.000249097	42000.000000	0.000897387	42000.000000	1.12664e-09	
44000.000000	0.0020945 	44000.000000	0.000931596	44000.000000	0.000250613	44000.000000	0.000250486	44000.000000	0.000250043	44000.000000	0.000931595	44000.000000	1.07812e-09	
46000.000000	0.00224196	46000.000000	0.000965728	46000.000000	0.000251517	46000.000000	0.000251396	46000.000000	0.000250946	46000.000000	0.000965727	46000.000000	1.0337e-09	
48000.000000	0.00239476	48000.000000	0.000999789	48000.000000	0.000252381	48000.000000	0.000252266	48000.000000	0.000251808	48000.000000	0.000999788	48000.000000	9.92889e-10	
50000.000000	0.00255298	50000.000000	0.00103378	50000.000000	0.000253208	50000.000000	0.000253099	50000.000000	0.000252634	50000.000000	0.00103378	50000.000000	9.55251e-10	
