! 2H range in H8C8
! apply ZOOM for details
Energy (MeV/u)1	0 - [He-base] F.Hubert et al, AD&ND Tables 46(1990)1	Energy (MeV/u)2	1 - [H -base] J.F.Ziegler et al,Pergamon Press,NY(low energy)	Energy (MeV/u)3	2 - ATIMA 1.2 LS-theory (recommended for high energy)	Energy (MeV/u)4	3 - ATIMA 1.2 without LS-correction	Energy (MeV/u)5	4 - ATIMA 1.4 H.Weick, improved mean charge formula for HI	Energy (MeV/u)6	5 - Range straggling - method [0] - LISE	Energy (MeV/u)7	6 - Range straggling - method [1] - Atima	Energy (MeV/u)8	7 - Lateral range - method [0] - LISE	Energy (MeV/u)9	8 - Lateral range - method [1] - Atima	Energy (MeV/u)10	9 - Lateral range - method [2] - PDG	
0.001000	0.0660871 	0.001000	0.0660871 	0.001000	0.0519895 	0.001000	0.0519895 	0.001000	0.0520005 	0.001000	0         	0.001000	0         	0.001000	0.000497321	0.001000	0.000858115	0.001000	0.000392633	
0.002000	0.134543  	0.002000	0.132174  	0.002000	0.103979  	0.002000	0.103979  	0.002000	0.104001  	0.002000	0.00496987	0.002000	0.00496987	0.002000	0.0014563 	0.002000	0.0024274 	0.002000	0.00121357	
0.005000	0.296021  	0.005000	0.288066  	0.005000	0.235326  	0.005000	0.235326  	0.005000	0.23536   	0.005000	0.00585761	0.005000	0.00585761	0.005000	0.00511408	0.005000	0.00823485	0.005000	0.00446622	
0.008000	0.427641  	0.008000	0.415132  	0.008000	0.349029  	0.008000	0.349029  	0.008000	0.349068  	0.008000	0.00589648	0.008000	0.00589648	0.008000	0.00939839	0.008000	0.0148663 	0.008000	0.00838847	
0.010000	0.506267  	0.010000	0.491038  	0.010000	0.419181  	0.010000	0.419181  	0.010000	0.419221  	0.010000	0.006037  	0.010000	0.006037  	0.010000	0.0124722 	0.010000	0.0195637 	0.010000	0.011241  	
0.015000	0.683212  	0.015000	0.661862  	0.015000	0.581659  	0.015000	0.581659  	0.015000	0.581703  	0.015000	0.00680049	0.015000	0.00680049	0.015000	0.0206909 	0.015000	0.0319712 	0.015000	0.0189621 	
0.020000	0.841531  	0.020000	0.814703  	0.020000	0.731397  	0.020000	0.731397  	0.020000	0.731443  	0.020000	0.00788124	0.020000	0.00788124	0.020000	0.0294859 	0.020000	0.0450812 	0.020000	0.0273267 	
0.025000	0.987357  	0.025000	0.955484  	0.025000	0.872227  	0.025000	0.872227  	0.025000	0.872274  	0.025000	0.00905576	0.025000	0.00905576	0.025000	0.0387144 	0.025000	0.0587071 	0.025000	0.0361856 	
0.030000	1.12418   	0.030000	1.08757   	0.030000	1.00625   	0.030000	1.00625   	0.030000	1.0063    	0.030000	0.0102272 	0.030000	0.0102272 	0.030000	0.0481375 	0.030000	0.0724693 	0.030000	0.0454442 	
0.035000	1.25422   	0.035000	1.21311   	0.035000	1.13499   	0.035000	1.13499   	0.035000	1.13504   	0.035000	0.0113638 	0.035000	0.0113638 	0.035000	0.0577286 	0.035000	0.0863466 	0.035000	0.053828  	
0.040000	1.37903   	0.040000	1.33361   	0.040000	1.25964   	0.040000	1.25964   	0.040000	1.25969   	0.040000	0.0124598 	0.040000	0.0124598 	0.040000	0.0670413 	0.040000	0.0997293 	0.040000	0.0608906 	
0.045000	1.49975   	0.045000	1.45015   	0.045000	1.38107   	0.045000	1.38107   	0.045000	1.38111   	0.045000	0.0135175 	0.045000	0.0135175 	0.045000	0.0750457 	0.045000	0.111179  	0.045000	0.0670497 	
0.050000	1.61723   	0.050000	1.56357   	0.050000	1.49995   	0.050000	1.49995   	0.050000	1.5       	0.050000	0.0145416 	0.050000	0.0152683 	0.050000	0.0820481 	0.050000	0.121153  	0.050000	0.0726475 	
0.055000	1.73217   	0.055000	1.67452   	0.055000	1.61683   	0.055000	1.61683   	0.055000	1.61688   	0.055000	0.0155376 	0.055000	0.0172093 	0.055000	0.0884199 	0.055000	0.13019   	0.055000	0.0777032 	
0.060000	1.84511   	0.060000	1.78356   	0.060000	1.73214   	0.060000	1.73214   	0.060000	1.73219   	0.060000	0.0165106 	0.060000	0.0189549 	0.060000	0.0942816 	0.060000	0.13847   	0.060000	0.0824182 	
0.070000	2.06678   	0.070000	1.99756   	0.070000	1.95944   	0.070000	1.95944   	0.070000	1.95949   	0.070000	0.0184061 	0.070000	0.0220635 	0.070000	0.10485   	0.070000	0.153314  	0.070000	0.0910548 	
0.080000	2.28513   	0.080000	2.20836   	0.080000	2.18411   	0.080000	2.18411   	0.080000	2.18416   	0.080000	0.0202606 	0.080000	0.0248494 	0.080000	0.114343  	0.080000	0.166552  	0.080000	0.0989194 	
0.090000	2.50233   	0.090000	2.41804   	0.090000	2.40786   	0.090000	2.40786   	0.090000	2.40791   	0.090000	0.0220997 	0.090000	0.0274409 	0.090000	0.123125  	0.090000	0.178719  	0.090000	0.10618   	
0.100000	2.72002   	0.100000	2.6282    	0.100000	2.63197   	0.100000	2.63197   	0.100000	2.63202   	0.100000	0.0239436 	0.100000	0.029914  	0.100000	0.131336  	0.100000	0.190022  	0.100000	0.113085  	
0.120000	3.16188   	0.120000	3.05477   	0.120000	3.08529   	0.120000	3.08529   	0.120000	3.08534   	0.120000	0.0277092 	0.120000	0.0346875 	0.120000	0.146692  	0.120000	0.210981  	0.120000	0.126129  	
0.140000	3.61844   	0.140000	3.49554   	0.140000	3.55029   	0.140000	3.55029   	0.140000	3.55035   	0.140000	0.0316587 	0.140000	0.0394185 	0.140000	0.161214  	0.140000	0.230594  	0.140000	0.138542  	
0.160000	4.09487   	0.160000	3.95548   	0.160000	4.03132   	0.160000	4.03132   	0.160000	4.03138   	0.160000	0.0358642 	0.160000	0.0442412 	0.160000	0.175335  	0.160000	0.249486  	0.160000	0.150648  	
0.180000	4.59464   	0.180000	4.43797   	0.180000	4.53149   	0.180000	4.53149   	0.180000	4.53154   	0.180000	0.0403788 	0.180000	0.0492391 	0.180000	0.189232  	0.180000	0.267909  	0.180000	0.162747  	
0.200000	5.12011   	0.200000	4.94526   	0.200000	5.05305   	0.200000	5.05305   	0.200000	5.05311   	0.200000	0.0452415 	0.200000	0.0544705 	0.200000	0.203203  	0.200000	0.286287  	0.200000	0.174885  	
0.250000	6.55505   	0.250000	6.33056   	0.250000	6.4603    	0.250000	6.4603    	0.250000	6.46035   	0.250000	0.0590864 	0.250000	0.0687898 	0.250000	0.238794  	0.250000	0.332497  	0.250000	0.206229  	
0.300000	8.17033   	0.300000	7.88995   	0.300000	8.02544   	0.300000	8.02544   	0.300000	8.02549   	0.300000	0.0754969 	0.300000	0.0851842 	0.300000	0.276329  	0.300000	0.38047   	0.300000	0.239533  	
0.350000	9.96659   	0.350000	9.62406   	0.350000	9.75341   	0.350000	9.75341   	0.350000	9.75346   	0.350000	0.0945043 	0.350000	0.104862  	0.350000	0.316178  	0.350000	0.430715  	0.350000	0.275188  	
0.400000	11.9397   	0.400000	11.5289   	0.400000	11.6438   	0.400000	11.6438   	0.400000	11.6438   	0.400000	0.116032  	0.400000	0.127523  	0.400000	0.358548  	0.400000	0.483514  	0.400000	0.313367  	
0.450000	14.0839   	0.450000	13.5989   	0.450000	13.6934   	0.450000	13.6934   	0.450000	13.6935   	0.450000	0.139958  	0.450000	0.152609  	0.450000	0.403581  	0.450000	0.539075  	0.450000	0.354059  	
0.500000	16.3928   	0.500000	15.8279   	0.500000	15.898    	0.500000	15.898    	0.500000	15.8981   	0.500000	0.166149  	0.500000	0.179722  	0.500000	0.451158  	0.500000	0.597236  	0.500000	0.397309  	
0.600000	21.4824   	0.600000	20.7414   	0.600000	20.7541   	0.600000	20.7541   	0.600000	20.7541   	0.600000	0.224842  	0.600000	0.238973  	0.600000	0.553913  	0.600000	0.721384  	0.600000	0.491018  	
0.700000	27.169    	0.700000	26.2313   	0.700000	26.1777   	0.700000	26.1777   	0.700000	26.1777   	0.700000	0.291298  	0.700000	0.303785  	0.700000	0.666274  	0.700000	0.855317  	0.700000	0.59407   	
0.800000	33.4226   	0.800000	32.2686   	0.800000	32.1404   	0.800000	32.1404   	0.800000	32.1405   	0.800000	0.364946  	0.800000	0.373319  	0.800000	0.787799  	0.800000	0.998507  	0.800000	0.706006  	
0.900000	40.2207   	0.900000	38.8315   	0.900000	38.6197   	0.900000	38.6197   	0.900000	38.6198   	0.900000	0.445401  	0.900000	0.447084  	0.900000	0.91809   	0.900000	1.1505    	0.900000	0.826362  	
1.000000	47.546    	1.000000	45.9034   	1.000000	45.5979   	1.000000	45.5979   	1.000000	45.5979   	1.000000	0.532402  	1.000000	0.52478   	1.000000	1.0568    	1.000000	1.31085   	1.000000	0.954925  	
1.250000	68.0837   	1.250000	65.7306   	1.250000	65.1388   	1.250000	65.1388   	1.250000	65.1388   	1.250000	0.777482  	1.250000	0.7351    	1.250000	1.43853   	1.250000	1.74598   	1.250000	1.31052   	
1.500000	91.688    	1.500000	88.5182   	1.500000	87.5544   	1.500000	87.5544   	1.500000	87.5544   	1.500000	1.06078   	1.500000	0.967226  	1.500000	1.86819   	1.500000	2.22764   	1.500000	1.70806   	
1.750000	118.26    	1.750000	114.171   	1.750000	112.738   	1.750000	112.738   	1.750000	112.738   	1.750000	1.38143   	1.750000	1.22033   	1.750000	2.34303   	1.750000	2.75264   	1.750000	2.14245   	
2.000000	147.727   	2.000000	142.619   	2.000000	140.614   	2.000000	140.614   	2.000000	140.614   	2.000000	1.7389    	2.000000	1.49386   	2.000000	2.85328   	2.000000	3.3092    	2.000000	2.62027   	
2.250000	180.034   	2.250000	173.808   	2.250000	171.122   	2.250000	171.122   	2.250000	171.123   	2.250000	2.13281   	2.250000	1.78744   	2.250000	3.40776   	2.250000	3.90811   	2.250000	3.14058   	
2.500000	215.13    	2.500000	207.694   	2.500000	204.215   	2.500000	204.215   	2.500000	204.215   	2.500000	2.56287   	2.500000	2.10075   	2.500000	4.00569   	2.500000	4.54821   	2.500000	3.70263   	
3.000000	290.577   	3.000000	283.413   	3.000000	277.997   	3.000000	277.997   	3.000000	277.997   	3.000000	3.53041   	3.000000	2.78555   	3.000000	5.32937   	3.000000	5.94843   	3.000000	4.94965   	
3.500000	376.131   	3.500000	369.53    	3.500000	361.697   	3.500000	361.697   	3.500000	361.697   	3.500000	4.6398    	3.500000	3.54637   	3.500000	6.8202    	3.500000	7.50389   	3.500000	6.35748   	
4.000000	471.575   	4.000000	465.848   	4.000000	455.108   	4.000000	455.108   	4.000000	455.108   	4.000000	5.88964   	4.000000	4.38154   	4.000000	8.47506   	4.000000	9.21002   	4.000000	7.92321   	
4.500000	576.724   	4.500000	572.207   	4.500000	558.059   	4.500000	558.059   	4.500000	558.059   	4.500000	7.27871   	4.500000	5.28964   	4.500000	10.2915   	4.500000	11.0631   	4.500000	9.64455   	
5.000000	691.417   	5.000000	688.469   	5.000000	670.407   	5.000000	670.407   	5.000000	670.406   	5.000000	8.80595   	5.000000	6.26939   	5.000000	12.2675   	5.000000	13.0601   	5.000000	11.5195   	
5.500000	815.514   	5.500000	814.514   	5.500000	792.025   	5.500000	792.025   	5.500000	792.025   	5.500000	10.4704   	5.500000	7.31968   	5.500000	14.4012   	5.500000	15.1982   	5.500000	13.5465   	
6.000000	948.885   	6.000000	950.238   	6.000000	922.805   	6.000000	922.805   	6.000000	922.805   	6.000000	12.2713   	6.000000	8.4395    	6.000000	16.6911   	6.000000	17.4752   	6.000000	15.7241   	
6.500000	1091.42   	6.500000	1095.55   	6.500000	1062.65   	6.500000	1062.65   	6.500000	1062.65   	6.500000	14.2078   	6.500000	9.62795   	6.500000	19.136    	6.500000	19.8891   	6.500000	18.0511   	
7.000000	1243      	7.000000	1250.35   	7.000000	1211.47   	7.000000	1211.47   	7.000000	1211.47   	7.000000	16.2793   	7.000000	10.8842   	7.000000	21.7346   	7.000000	22.4379   	7.000000	20.5263   	
7.500000	1403.54   	7.500000	1414.58   	7.500000	1369.18   	7.500000	1369.18   	7.500000	1369.18   	7.500000	18.4851   	7.500000	12.2075   	7.500000	24.4858   	7.500000	25.12     	7.500000	23.1487   	
8.000000	1572.94   	8.000000	1588.17   	8.000000	1535.72   	8.000000	1535.72   	8.000000	1535.72   	8.000000	20.8247   	8.000000	13.5972   	8.000000	27.3888   	8.000000	27.934    	8.000000	25.9175   	
8.500000	1751.12   	8.500000	1771.04   	8.500000	1711.01   	8.500000	1711.01   	8.500000	1711.01   	8.500000	23.2975   	8.500000	15.0528   	8.500000	30.4426   	8.500000	30.8785   	8.500000	28.8318   	
9.000000	1937.99   	9.000000	1963.14   	9.000000	1894.99   	9.000000	1894.99   	9.000000	1894.99   	9.000000	25.9031   	9.000000	16.5737   	9.000000	33.6464   	9.000000	33.9521   	9.000000	31.8909   	
9.500000	2133.49   	9.500000	2164.41   	9.500000	2087.61   	9.500000	2087.61   	9.500000	2087.61   	9.500000	28.6409   	9.500000	18.159    	9.500000	36.9995   	9.500000	37.1538   	9.500000	35.0941   	
10.000000	2337.53   	10.000000	2374.53   	10.000000	2288.8    	10.000000	2288.8    	10.000000	2288.8    	10.000000	31.5106   	10.000000	19.8081   	10.000000	40.5011   	10.000000	40.4825   	10.000000	38.4408   	
11.000000	2771      	11.000000	2804.68   	11.000000	2716.95   	11.000000	2716.95   	11.000000	2717.03   	11.000000	37.6556   	11.000000	23.302    	11.000000	47.9539   	11.000000	47.5222   	11.000000	45.5682   	
12.000000	3237.87   	12.000000	3267.75   	12.000000	3179.26   	12.000000	3179.25   	12.000000	3179.55   	12.000000	44.3437   	12.000000	27.059    	12.000000	56.0059   	12.000000	55.0691   	12.000000	53.2746   	
13.000000	3737.69   	13.000000	3763.35   	13.000000	3675.34   	13.000000	3675.33   	13.000000	3676      	13.000000	51.5684   	13.000000	31.0731   	13.000000	64.6525   	13.000000	63.1162   	13.000000	61.5556   	
14.000000	4270      	14.000000	4291.11   	14.000000	4204.83   	14.000000	4204.81   	14.000000	4206.02   	14.000000	59.3239   	14.000000	35.3381   	14.000000	73.8891   	14.000000	71.6569   	14.000000	70.4071   	
15.000000	4834.42   	15.000000	4850.67   	15.000000	4767.36   	15.000000	4767.34   	15.000000	4769.26   	15.000000	67.604    	15.000000	39.8512   	15.000000	83.7109   	15.000000	80.6846   	15.000000	79.825    	
16.000000	5430.54   	16.000000	5441.72   	16.000000	5362.57   	16.000000	5362.55   	16.000000	5365.37   	16.000000	76.4026   	16.000000	44.6088   	16.000000	94.1131   	16.000000	90.1929   	16.000000	89.8046   	
17.000000	6058.01   	17.000000	6063.95   	17.000000	5990.09   	17.000000	5990.09   	17.000000	5994      	17.000000	85.7134   	17.000000	49.6042   	17.000000	105.09    	17.000000	100.175   	17.000000	100.341   	
18.000000	6716.5    	18.000000	6717.06   	18.000000	6649.55   	18.000000	6649.59   	18.000000	6654.81   	18.000000	95.5295   	18.000000	54.8322   	18.000000	116.637   	18.000000	110.626   	18.000000	111.43    	
19.000000	7405.67   	19.000000	7400.76   	19.000000	7340.6    	19.000000	7340.69   	19.000000	7347.45   	19.000000	105.844   	19.000000	60.2887   	19.000000	128.748   	19.000000	121.537   	19.000000	123.066   	
20.000000	8125.22   	20.000000	8114.78   	20.000000	8062.89   	20.000000	8063.03   	20.000000	8071.55   	20.000000	116.649   	20.000000	65.9694   	20.000000	141.417   	20.000000	132.902   	20.000000	135.243   	
21.000000	8874.84   	21.000000	8858.87   	21.000000	8816.03   	21.000000	8816.24   	21.000000	8826.77   	21.000000	127.937   	21.000000	71.8693   	21.000000	154.638   	21.000000	144.716   	21.000000	147.956   	
22.000000	9654.27   	22.000000	9632.77   	22.000000	9599.66   	22.000000	9599.93   	22.000000	9612.72   	22.000000	139.7     	22.000000	77.9842   	22.000000	168.403   	22.000000	156.97    	22.000000	161.199   	
23.000000	10463.2   	23.000000	10436.2   	23.000000	10413.4   	23.000000	10413.7   	23.000000	10429.1   	23.000000	151.929   	23.000000	84.3094   	23.000000	182.707   	23.000000	169.658   	23.000000	174.966   	
24.000000	11301.4   	24.000000	11269     	24.000000	11256.8   	24.000000	11257.3   	24.000000	11275.4   	24.000000	164.615   	24.000000	90.8385   	24.000000	197.542   	24.000000	182.774   	24.000000	189.249   	
25.000000	12168.6   	25.000000	12131     	25.000000	12129.5   	25.000000	12130.1   	25.000000	12151.3   	25.000000	177.749   	25.000000	97.5648   	25.000000	212.901   	25.000000	196.309   	25.000000	204.043   	
27.000000	13989.2   	27.000000	13941.2   	27.000000	13961.2   	27.000000	13962.2   	27.000000	13990.4   	27.000000	205.322   	27.000000	111.59    	27.000000	245.16    	27.000000	224.61    	27.000000	235.133   	
29.000000	15922.9   	29.000000	15865.4   	29.000000	15905.2   	29.000000	15906.8   	29.000000	15943.2   	29.000000	234.569   	29.000000	126.353   	29.000000	279.42    	29.000000	254.502   	29.000000	268.176   	
31.000000	17968.1   	31.000000	17901.9   	31.000000	17958.8   	31.000000	17960.9   	31.000000	18006.6   	31.000000	265.422   	31.000000	141.822   	31.000000	315.622   	31.000000	285.931   	31.000000	303.12    	
33.000000	20123.2   	33.000000	20049.1   	33.000000	20122.5   	33.000000	20125.2   	33.000000	20180.7   	33.000000	297.928   	33.000000	158.007   	33.000000	353.766   	33.000000	318.893   	33.000000	339.967   	
35.000000	22386.5   	35.000000	22305.7   	35.000000	22395.2   	35.000000	22398.6   	35.000000	22464.2   	35.000000	332.083   	35.000000	174.911   	35.000000	393.831   	35.000000	353.366   	35.000000	378.698   	
38.000000	25981.3   	38.000000	25892.5   	38.000000	26005.7   	38.000000	26010.3   	38.000000	26091.7   	38.000000	386.353   	38.000000	201.598   	38.000000	457.472   	38.000000	407.852   	38.000000	440.278   	
41.000000	29811.7   	41.000000	29717.7   	41.000000	29853.7   	41.000000	29859.8   	41.000000	29957.9   	41.000000	444.205   	41.000000	229.827   	41.000000	525.29    	41.000000	465.603   	41.000000	505.974   	
44.000000	33873.3   	44.000000	33777.2   	44.000000	33935.4   	44.000000	33943.2   	44.000000	34058.5   	44.000000	505.564   	44.000000	259.567   	44.000000	597.204   	44.000000	526.544   	44.000000	575.715   	
47.000000	38162     	47.000000	38066.8   	47.000000	38246.8   	47.000000	38256.4   	47.000000	38389.6   	47.000000	570.358   	47.000000	290.786   	47.000000	673.14    	47.000000	590.608   	47.000000	649.438   	
50.000000	42673.8   	50.000000	42582.9   	50.000000	42784.3   	50.000000	42795.8   	50.000000	42947.6   	50.000000	638.52    	50.000000	323.453   	50.000000	753.022   	50.000000	657.731   	50.000000	727.081   	
55.000000	50679.5   	55.000000	50602.9   	55.000000	50839.4   	55.000000	50854.2   	55.000000	51038.4   	55.000000	759.42    	55.000000	381.039   	55.000000	894.747   	55.000000	776.243   	55.000000	865.039   	
60.000000	59278.9   	60.000000	59225.7   	60.000000	59497.1   	60.000000	59515.3   	60.000000	59733.7   	60.000000	889.185   	60.000000	442.445   	60.000000	1046.94   	60.000000	902.83    	60.000000	1013.47   	
65.000000	68457.2   	65.000000	68436.3   	65.000000	68741.7   	65.000000	68764.6   	65.000000	69018.8   	65.000000	1027.53   	65.000000	507.497   	65.000000	1209.31   	65.000000	1037.26   	65.000000	1172.12   	
70.000000	78200.7   	70.000000	78220.6   	70.000000	78560.4   	70.000000	78588.4   	70.000000	78880.1   	70.000000	1174.17   	70.000000	576.122   	70.000000	1381.59   	70.000000	1179.3    	70.000000	1340.78   	
75.000000	88496.6   	75.000000	88565.1   	75.000000	88940.4   	75.000000	88973.8   	75.000000	89304.4   	75.000000	1328.85   	75.000000	648.15    	75.000000	1563.5    	75.000000	1328.76   	75.000000	1519.21   	
80.000000	99332.7   	80.000000	99457.1   	80.000000	99869.5   	80.000000	99908.5   	80.000000	100280    	80.000000	1491.32   	80.000000	723.533   	80.000000	1754.82   	80.000000	1485.43   	80.000000	1707.22   	
85.000000	110698    	85.000000	110884    	85.000000	111336    	85.000000	111381    	85.000000	111794    	85.000000	1661.34   	85.000000	802.187   	85.000000	1955.29   	85.000000	1649.15   	85.000000	1904.62   	
90.000000	122581    	90.000000	122836    	90.000000	123329    	90.000000	123380    	90.000000	123836    	90.000000	1838.66   	90.000000	883.977   	90.000000	2164.69   	90.000000	1819.72   	90.000000	2111.2    	
95.000000	134973    	95.000000	135299    	95.000000	135836    	95.000000	135894    	95.000000	136395    	95.000000	2023.08   	95.000000	968.774   	95.000000	2382.79   	95.000000	1996.99   	95.000000	2326.79   	
100.000000	147863    	100.000000	148265    	100.000000	148847    	100.000000	148914    	100.000000	149461    	100.000000	2214.37   	100.000000	1056.5    	100.000000	2609.38   	100.000000	2180.8    	100.000000	2551.2    	
105.000000	161242    	105.000000	161722    	105.000000	162354    	105.000000	162429    	105.000000	163023    	105.000000	2412.33   	105.000000	1147.15   	105.000000	2844.26   	105.000000	2371.01   	105.000000	2784.28   	
110.000000	175101    	110.000000	175661    	110.000000	176347    	110.000000	176430    	110.000000	177073    	110.000000	2616.75   	110.000000	1240.64   	110.000000	3087.23   	110.000000	2567.45   	110.000000	3025.85   	
115.000000	189433    	115.000000	190073    	115.000000	190816    	115.000000	190908    	115.000000	191600    	115.000000	2827.44   	115.000000	1336.89   	115.000000	3338.09   	115.000000	2770      	115.000000	3275.75   	
120.000000	204229    	120.000000	204947    	120.000000	205752    	120.000000	205854    	120.000000	206596    	120.000000	3044.21   	120.000000	1435.75   	120.000000	3596.66   	120.000000	2978.53   	120.000000	3533.84   	
125.000000	219482    	125.000000	220276    	125.000000	221148    	125.000000	221258    	125.000000	222053    	125.000000	3266.89   	125.000000	1537.17   	125.000000	3862.75   	125.000000	3192.89   	125.000000	3799.95   	
130.000000	235183    	130.000000	236051    	130.000000	236993    	130.000000	237114    	130.000000	237961    	130.000000	3495.28   	130.000000	1641.16   	130.000000	4136.2    	130.000000	3412.98   	130.000000	4073.95   	
135.000000	251326    	135.000000	252262    	135.000000	253282    	135.000000	253412    	135.000000	254313    	135.000000	3729.24   	135.000000	1747.65   	135.000000	4416.82   	135.000000	3638.66   	135.000000	4355.68   	
140.000000	267905    	140.000000	268903    	140.000000	270004    	140.000000	270145    	140.000000	271101    	140.000000	3968.58   	140.000000	1856.53   	140.000000	4704.46   	140.000000	3869.83   	140.000000	4645.01   	
145.000000	284912    	145.000000	285966    	145.000000	287152    	145.000000	287304    	145.000000	288316    	145.000000	4213.15   	145.000000	1967.74   	145.000000	4998.96   	145.000000	4106.36   	145.000000	4941.82   	
150.000000	302341    	150.000000	303442    	150.000000	304718    	150.000000	304884    	150.000000	305953    	150.000000	4462.8    	150.000000	2081.24   	150.000000	5300.15   	150.000000	4348.16   	150.000000	5245.95   	
155.000000	320247    	155.000000	321325    	155.000000	322697    	155.000000	322875    	155.000000	324002    	155.000000	4717.38   	155.000000	2196.98   	155.000000	5607.88   	155.000000	4595.11   	155.000000	5557.29   	
160.000000	338544    	160.000000	339607    	160.000000	341081    	160.000000	341272    	160.000000	342458    	160.000000	4976.73   	160.000000	2314.91   	160.000000	5922.01   	160.000000	4847.11   	160.000000	5875.71   	
165.000000	357223    	165.000000	358282    	165.000000	359863    	165.000000	360068    	165.000000	361313    	165.000000	5240.72   	165.000000	2435.01   	165.000000	6242.4    	165.000000	5104.07   	165.000000	6201.08   	
170.000000	376278    	170.000000	377342    	170.000000	379036    	170.000000	379255    	170.000000	380560    	170.000000	5509.21   	170.000000	2557.18   	170.000000	6568.89   	170.000000	5365.88   	170.000000	6533.29   	
175.000000	395701    	175.000000	396781    	175.000000	398594    	175.000000	398827    	175.000000	400194    	175.000000	5782.08   	175.000000	2681.32   	175.000000	6901.35   	175.000000	5632.45   	175.000000	6872.22   	
180.000000	415487    	180.000000	416593    	180.000000	418531    	180.000000	418777    	180.000000	420207    	180.000000	6059.17   	180.000000	2807.45   	180.000000	7239.66   	180.000000	5903.7    	180.000000	7217.76   	
185.000000	435629    	185.000000	436771    	185.000000	438840    	185.000000	439101    	185.000000	440593    	185.000000	6340.39   	185.000000	2935.56   	185.000000	7583.68   	185.000000	6179.52   	185.000000	7569.79   	
190.000000	456123    	190.000000	457310    	190.000000	459515    	190.000000	459791    	190.000000	461347    	190.000000	6625.59   	190.000000	3065.55   	190.000000	7933.28   	190.000000	6459.83   	190.000000	7928.19   	
195.000000	476962    	195.000000	478202    	195.000000	480551    	195.000000	480841    	195.000000	482462    	195.000000	6914.67   	195.000000	3197.36   	195.000000	8288.33   	195.000000	6744.55   	195.000000	8292.88   	
200.000000	498141    	200.000000	499444    	200.000000	501941    	200.000000	502246    	200.000000	503932    	200.000000	7207.5    	200.000000	3331.03   	200.000000	8648.73   	200.000000	7033.59   	200.000000	8663.74   	
210.000000	541498    	210.000000	542950    	210.000000	545761    	210.000000	546097    	210.000000	547916    	210.000000	7803.99   	210.000000	3603.77   	210.000000	9385.06   	210.000000	7624.33   	210.000000	9423.55   	
220.000000	586151    	220.000000	587784    	220.000000	590928    	220.000000	591301    	220.000000	593256    	220.000000	8414.21   	220.000000	3883.23   	220.000000	10141.4   	220.000000	8231.41   	220.000000	10206.8   	
230.000000	632062    	230.000000	633905    	230.000000	637405    	230.000000	637816    	230.000000	639909    	230.000000	9037.35   	230.000000	4169.18   	230.000000	10916.8   	230.000000	8854.25   	230.000000	11012.8   	
240.000000	679194    	240.000000	681273    	240.000000	685152    	240.000000	685601    	240.000000	687834    	240.000000	9672.63   	240.000000	4461.38   	240.000000	11710.4   	240.000000	9492.27   	240.000000	11840.8   	
250.000000	727511    	250.000000	729850    	250.000000	734129    	250.000000	734617    	250.000000	736994    	250.000000	10319.3   	250.000000	4759.61   	250.000000	12521.6   	250.000000	10144.9   	250.000000	12690     	
260.000000	776978    	260.000000	779600    	260.000000	784301    	260.000000	784829    	260.000000	787351    	260.000000	10976.8   	260.000000	5063.66   	260.000000	13349.5   	260.000000	10811.7   	260.000000	13559.7   	
270.000000	827565    	270.000000	830488    	270.000000	835631    	270.000000	836200    	270.000000	838870    	270.000000	11644.3   	270.000000	5373.32   	270.000000	14193.4   	270.000000	11492.1   	270.000000	14449.4   	
280.000000	879238    	280.000000	882479    	280.000000	888085    	280.000000	888696    	280.000000	891516    	280.000000	12321.3   	280.000000	5688.43   	280.000000	15052.6   	280.000000	12185.6   	280.000000	15358.4   	
290.000000	931969    	290.000000	935544    	290.000000	941632    	290.000000	942285    	290.000000	945257    	290.000000	13007.1   	290.000000	6008.62   	290.000000	15926.4   	290.000000	12891.9   	290.000000	16286.1   	
300.000000	985730    	300.000000	989650    	300.000000	996239    	300.000000	996935    	300.000000	1.00006e+06	300.000000	13701.3   	300.000000	6333.62   	300.000000	16814.3   	300.000000	13610.3   	300.000000	17231.8   	
310.000000	1.04049e+06	310.000000	1.04477e+06	310.000000	1.05187e+06	310.000000	1.05262e+06	310.000000	1.0559e+06	310.000000	14403.3   	310.000000	6663.51   	310.000000	17715.6   	310.000000	14340.6   	310.000000	18195     	
320.000000	1.09623e+06	320.000000	1.10087e+06	320.000000	1.1085e+06	320.000000	1.1093e+06	320.000000	1.11274e+06	320.000000	15112.6   	320.000000	6998.01   	320.000000	18629.8   	320.000000	15082.3   	320.000000	19175.2   	
330.000000	1.15291e+06	330.000000	1.15793e+06	330.000000	1.16611e+06	330.000000	1.16695e+06	330.000000	1.17055e+06	330.000000	15828.7   	330.000000	7336.76   	330.000000	19556.2   	330.000000	15835     	330.000000	20171.9   	
340.000000	1.21052e+06	340.000000	1.21592e+06	340.000000	1.22466e+06	340.000000	1.22555e+06	340.000000	1.22931e+06	340.000000	16551.2   	340.000000	7679.67   	340.000000	20494.4   	340.000000	16598.4   	340.000000	21184.5   	
350.000000	1.26903e+06	350.000000	1.27481e+06	350.000000	1.28413e+06	350.000000	1.28508e+06	350.000000	1.289e+06 	350.000000	17279.6   	350.000000	8026.83   	350.000000	21443.8   	350.000000	17372     	350.000000	22212.4   	
360.000000	1.32842e+06	360.000000	1.33458e+06	360.000000	1.34449e+06	360.000000	1.34549e+06	360.000000	1.34958e+06	360.000000	18013.6   	360.000000	8378.18   	360.000000	22404     	360.000000	18155.5   	360.000000	23255.4   	
370.000000	1.38867e+06	370.000000	1.39521e+06	370.000000	1.40572e+06	370.000000	1.40678e+06	370.000000	1.41104e+06	370.000000	18752.9   	370.000000	8733.45   	370.000000	23374.5   	370.000000	18948.7   	370.000000	24312.9   	
380.000000	1.44975e+06	380.000000	1.45667e+06	380.000000	1.46781e+06	380.000000	1.46893e+06	380.000000	1.47335e+06	380.000000	19497.2   	380.000000	9092.45   	380.000000	24355     	380.000000	19751.3   	380.000000	25384.5   	
390.000000	1.51165e+06	390.000000	1.51895e+06	390.000000	1.53073e+06	390.000000	1.5319e+06	390.000000	1.53649e+06	390.000000	20246.1   	390.000000	9455.13   	390.000000	25345     	390.000000	20562.9   	390.000000	26470     	
400.000000	1.57433e+06	400.000000	1.58201e+06	400.000000	1.59446e+06	400.000000	1.59569e+06	400.000000	1.60044e+06	400.000000	20999.4   	400.000000	9821.42   	400.000000	26344.2   	400.000000	21383.3   	400.000000	27568.7   	
410.000000	1.6378e+06	410.000000	1.64585e+06	410.000000	1.65898e+06	410.000000	1.66026e+06	410.000000	1.66519e+06	410.000000	21756.6   	410.000000	10191.2   	410.000000	27352     	410.000000	22212.1   	410.000000	28680.4   	
420.000000	1.70202e+06	420.000000	1.71043e+06	420.000000	1.72426e+06	420.000000	1.7256e+06	420.000000	1.7307e+06	420.000000	22517.6   	420.000000	10564.2   	420.000000	28368.2   	420.000000	23049.1   	420.000000	29804.6   	
430.000000	1.76698e+06	430.000000	1.77575e+06	430.000000	1.79029e+06	430.000000	1.79168e+06	430.000000	1.79696e+06	430.000000	23281.9   	430.000000	10940.3   	430.000000	29392.4   	430.000000	23894     	430.000000	30940.9   	
440.000000	1.83266e+06	440.000000	1.84177e+06	440.000000	1.85704e+06	440.000000	1.85849e+06	440.000000	1.86394e+06	440.000000	24049.4   	440.000000	11319.3   	440.000000	30424.2   	440.000000	24746.6   	440.000000	32089.1   	
450.000000	1.89904e+06	450.000000	1.90849e+06	450.000000	1.92451e+06	450.000000	1.92602e+06	450.000000	1.93164e+06	450.000000	24819.7   	450.000000	11701.4   	450.000000	31463.3   	450.000000	25606.6   	450.000000	33248.6   	
460.000000	1.96611e+06	460.000000	1.97589e+06	460.000000	1.99266e+06	460.000000	1.99423e+06	460.000000	2.00004e+06	460.000000	25592.7   	460.000000	12086.7   	460.000000	32509.4   	460.000000	26473.7   	460.000000	34419.3   	
470.000000	2.03385e+06	470.000000	2.04395e+06	470.000000	2.06149e+06	470.000000	2.06312e+06	470.000000	2.0691e+06	470.000000	26368     	470.000000	12474.9   	470.000000	33562.1   	470.000000	27347.7   	470.000000	35600.7   	
480.000000	2.10224e+06	480.000000	2.11265e+06	480.000000	2.13097e+06	480.000000	2.13267e+06	480.000000	2.13883e+06	480.000000	27145.5   	480.000000	12865.9   	480.000000	34621.1   	480.000000	28228.4   	480.000000	36792.5   	
490.000000	2.17128e+06	490.000000	2.18198e+06	490.000000	2.20109e+06	490.000000	2.20286e+06	490.000000	2.20919e+06	490.000000	27924.9   	490.000000	13259.5   	490.000000	35686.2   	490.000000	29115.6   	490.000000	37994.5   	
500.000000	2.24094e+06	500.000000	2.25192e+06	500.000000	2.27183e+06	500.000000	2.27367e+06	500.000000	2.28019e+06	500.000000	28706     	500.000000	13655.6   	500.000000	36757     	500.000000	30009     	500.000000	39206.2   	
520.000000	2.38208e+06	520.000000	2.39357e+06	520.000000	2.41513e+06	520.000000	2.4171e+06	520.000000	2.42399e+06	520.000000	30272.7   	520.000000	14455.4   	520.000000	38915     	520.000000	31813.7   	520.000000	41657.9   	
540.000000	2.52556e+06	540.000000	2.5375e+06	540.000000	2.56075e+06	540.000000	2.56286e+06	540.000000	2.57011e+06	540.000000	31844     	540.000000	15265.3   	540.000000	41092.9   	540.000000	33640.9   	540.000000	44145.4   	
560.000000	2.67126e+06	560.000000	2.6836e+06	560.000000	2.70857e+06	560.000000	2.71083e+06	560.000000	2.71845e+06	560.000000	33418.7   	560.000000	16084     	560.000000	43289     	560.000000	35489.3   	560.000000	46666.5   	
580.000000	2.8191e+06	580.000000	2.83176e+06	580.000000	2.8585e+06	580.000000	2.8609e+06	580.000000	2.86889e+06	580.000000	34995.5   	580.000000	16911     	580.000000	45501.4   	580.000000	37357.3   	580.000000	49219.2   	
600.000000	2.96897e+06	600.000000	2.98188e+06	600.000000	3.01043e+06	600.000000	3.01297e+06	600.000000	3.02134e+06	600.000000	36573.4   	600.000000	17746     	600.000000	47728.4   	600.000000	39243.6   	600.000000	51801.6   	
620.000000	3.1208e+06	620.000000	3.13389e+06	620.000000	3.16427e+06	620.000000	3.16696e+06	620.000000	3.17571e+06	620.000000	38151.4   	620.000000	18588.7   	620.000000	49968.7   	620.000000	41147     	620.000000	54411.9   	
640.000000	3.27448e+06	640.000000	3.28768e+06	640.000000	3.31994e+06	640.000000	3.32278e+06	640.000000	3.3319e+06	640.000000	39728.6   	640.000000	19438.7   	640.000000	52220.8   	640.000000	43066.4   	640.000000	57048.4   	
660.000000	3.42995e+06	660.000000	3.44318e+06	660.000000	3.47734e+06	660.000000	3.48033e+06	660.000000	3.48984e+06	660.000000	41304.3   	660.000000	20295.8   	660.000000	54483.4   	660.000000	45000.5   	660.000000	59709.5   	
680.000000	3.58713e+06	680.000000	3.60031e+06	680.000000	3.63641e+06	680.000000	3.63955e+06	680.000000	3.64944e+06	680.000000	42877.5   	680.000000	21159.5   	680.000000	56755.2   	680.000000	46948.5   	680.000000	62393.6   	
700.000000	3.74593e+06	700.000000	3.759e+06 	700.000000	3.79707e+06	700.000000	3.80035e+06	700.000000	3.81063e+06	700.000000	44447.8   	700.000000	22029.7   	700.000000	59035.1   	700.000000	48909.3   	700.000000	65099.4   	
720.000000	3.9063e+06	720.000000	3.91917e+06	720.000000	3.95923e+06	720.000000	3.96267e+06	720.000000	3.97334e+06	720.000000	46014.5   	720.000000	22906.1   	720.000000	61322.2   	720.000000	50882     	720.000000	67825.4   	
740.000000	4.06816e+06	740.000000	4.08076e+06	740.000000	4.12283e+06	740.000000	4.12644e+06	740.000000	4.1375e+06	740.000000	47577.1   	740.000000	23788.6   	740.000000	63615.3   	740.000000	52865.7   	740.000000	70570.4   	
760.000000	4.23145e+06	760.000000	4.24371e+06	760.000000	4.28782e+06	760.000000	4.2916e+06	760.000000	4.30305e+06	760.000000	49135.1   	760.000000	24676.3   	760.000000	65913.7   	760.000000	54859.6   	760.000000	73333.1   	
780.000000	4.3961e+06	780.000000	4.40795e+06	780.000000	4.45413e+06	780.000000	4.45808e+06	780.000000	4.46993e+06	780.000000	50688.1   	780.000000	25569     	780.000000	68216.3   	780.000000	56862.9   	780.000000	76112.4   	
800.000000	4.56207e+06	800.000000	4.57343e+06	800.000000	4.62171e+06	800.000000	4.62584e+06	800.000000	4.63808e+06	800.000000	52235.6   	800.000000	26466.6   	800.000000	70522.5   	800.000000	58875     	800.000000	78907.2   	
820.000000	4.72929e+06	820.000000	4.7401e+06	820.000000	4.79051e+06	820.000000	4.7948e+06	820.000000	4.80744e+06	820.000000	53777.3   	820.000000	27369.2   	820.000000	72831.5   	820.000000	60895     	820.000000	81716.5   	
840.000000	4.8977e+06	840.000000	4.9079e+06	840.000000	4.96046e+06	840.000000	4.96493e+06	840.000000	4.97797e+06	840.000000	55313     	840.000000	28276.9   	840.000000	75142.6   	840.000000	62922.4   	840.000000	84539.2   	
860.000000	5.06727e+06	860.000000	5.07677e+06	860.000000	5.13153e+06	860.000000	5.13618e+06	860.000000	5.14961e+06	860.000000	56842.2   	860.000000	29189.6   	860.000000	77455.2   	860.000000	64956.4   	860.000000	87374.4   	
880.000000	5.23792e+06	880.000000	5.24668e+06	880.000000	5.30366e+06	880.000000	5.30849e+06	880.000000	5.32231e+06	880.000000	58364.8   	880.000000	30107     	880.000000	79768.6   	880.000000	66996.7   	880.000000	90221.3   	
900.000000	5.40963e+06	900.000000	5.41757e+06	900.000000	5.47682e+06	900.000000	5.48182e+06	900.000000	5.49604e+06	900.000000	59880.6   	900.000000	31028.9   	900.000000	82082.4   	900.000000	69042.4   	900.000000	93079     	
920.000000	5.58234e+06	920.000000	5.58941e+06	920.000000	5.65095e+06	920.000000	5.65613e+06	920.000000	5.67076e+06	920.000000	61389.3   	920.000000	31954.8   	920.000000	84395.9   	920.000000	71093.3   	920.000000	95946.7   	
940.000000	5.756e+06 	940.000000	5.76215e+06	940.000000	5.82602e+06	940.000000	5.83138e+06	940.000000	5.84641e+06	940.000000	62890.8   	940.000000	32884.5   	940.000000	86708.8   	940.000000	73148.7   	940.000000	98823.6   	
960.000000	5.93058e+06	960.000000	5.93575e+06	960.000000	6.002e+06 	960.000000	6.00753e+06	960.000000	6.02296e+06	960.000000	64385     	960.000000	33817.9   	960.000000	89020.5   	960.000000	75208.2   	960.000000	101709    	
980.000000	6.10604e+06	980.000000	6.11017e+06	980.000000	6.17883e+06	980.000000	6.18455e+06	980.000000	6.20037e+06	980.000000	65871.6   	980.000000	34754.8   	980.000000	91330.6   	980.000000	77271.3   	980.000000	104602    	
1000.000000	6.28233e+06	1000.000000	6.28538e+06	1000.000000	6.3565e+06	1000.000000	6.36239e+06	1000.000000	6.37862e+06	1000.000000	67350.5   	1000.000000	35695.2   	1000.000000	93638.7   	1000.000000	79337.6   	1000.000000	107503    	
1020.000000	6.45942e+06	1020.000000	6.46134e+06	1020.000000	6.53495e+06	1020.000000	6.54103e+06	1020.000000	6.55766e+06	1020.000000	68821.8   	1020.000000	36639     	1020.000000	95944.6   	1020.000000	81406.8   	1020.000000	110410    	
1040.000000	6.63726e+06	1040.000000	6.63801e+06	1040.000000	6.71417e+06	1040.000000	6.72043e+06	1040.000000	6.73746e+06	1040.000000	70285.3   	1040.000000	37586.3   	1040.000000	98247.7   	1040.000000	83478.4   	1040.000000	113322    	
1060.000000	6.81584e+06	1060.000000	6.81537e+06	1060.000000	6.89412e+06	1060.000000	6.90056e+06	1060.000000	6.918e+06 	1060.000000	71740.9   	1060.000000	38536.8   	1060.000000	100548    	1060.000000	85552     	1060.000000	116241    	
1080.000000	6.9951e+06	1080.000000	6.99338e+06	1080.000000	7.07478e+06	1080.000000	7.08139e+06	1080.000000	7.09924e+06	1080.000000	73188.5   	1080.000000	39490.5   	1080.000000	102845    	1080.000000	87627.4   	1080.000000	119164    	
1100.000000	7.17502e+06	1100.000000	7.17202e+06	1100.000000	7.25611e+06	1100.000000	7.2629e+06	1100.000000	7.28115e+06	1100.000000	74628.2   	1100.000000	40447.3   	1100.000000	105138    	1100.000000	89704.1   	1100.000000	122091    	
1120.000000	7.35557e+06	1120.000000	7.35124e+06	1120.000000	7.43808e+06	1120.000000	7.44506e+06	1120.000000	7.46371e+06	1120.000000	76059.9   	1120.000000	41407.1   	1120.000000	107428    	1120.000000	91782     	1120.000000	125023    	
1140.000000	7.53671e+06	1140.000000	7.53104e+06	1140.000000	7.62068e+06	1140.000000	7.62784e+06	1140.000000	7.6469e+06	1140.000000	77483.5   	1140.000000	42370     	1140.000000	109713    	1140.000000	93860.7   	1140.000000	127958    	
1160.000000	7.71842e+06	1160.000000	7.71137e+06	1160.000000	7.80387e+06	1160.000000	7.81122e+06	1160.000000	7.83068e+06	1160.000000	78899.1   	1160.000000	43335.8   	1160.000000	111994    	1160.000000	95939.8   	1160.000000	130895    	
1180.000000	7.90067e+06	1180.000000	7.89222e+06	1180.000000	7.98764e+06	1180.000000	7.99517e+06	1180.000000	8.01504e+06	1180.000000	80306.6   	1180.000000	44304.5   	1180.000000	114271    	1180.000000	98019.3   	1180.000000	133836    	
1200.000000	8.08343e+06	1200.000000	8.07356e+06	1200.000000	8.17196e+06	1200.000000	8.17967e+06	1200.000000	8.19995e+06	1200.000000	81706.1   	1200.000000	45276     	1200.000000	116543    	1200.000000	100099    	1200.000000	136778    	
1220.000000	8.26668e+06	1220.000000	8.25536e+06	1220.000000	8.35681e+06	1220.000000	8.36471e+06	1220.000000	8.38538e+06	1220.000000	83097.5   	1220.000000	46250.2   	1220.000000	118810    	1220.000000	102178    	1220.000000	139722    	
1240.000000	8.45038e+06	1240.000000	8.43761e+06	1240.000000	8.54217e+06	1240.000000	8.55025e+06	1240.000000	8.57133e+06	1240.000000	84480.9   	1240.000000	47227.2   	1240.000000	121072    	1240.000000	104257    	1240.000000	142668    	
1260.000000	8.63452e+06	1260.000000	8.62027e+06	1260.000000	8.72802e+06	1260.000000	8.73628e+06	1260.000000	8.75777e+06	1260.000000	85856.3   	1260.000000	48206.9   	1260.000000	123329    	1260.000000	106335    	1260.000000	145614    	
1280.000000	8.81906e+06	1280.000000	8.80334e+06	1280.000000	8.91435e+06	1280.000000	8.92279e+06	1280.000000	8.94468e+06	1280.000000	87223.6   	1280.000000	49189.2   	1280.000000	125580    	1280.000000	108412    	1280.000000	148562    	
1300.000000	9.004e+06 	1300.000000	8.98678e+06	1300.000000	9.10112e+06	1300.000000	9.10974e+06	1300.000000	9.13204e+06	1300.000000	88583     	1300.000000	50174     	1300.000000	127827    	1300.000000	110488    	1300.000000	151510    	
1320.000000	9.1893e+06	1320.000000	9.17059e+06	1320.000000	9.28833e+06	1320.000000	9.29713e+06	1320.000000	9.31984e+06	1320.000000	89934.5   	1320.000000	51161.4   	1320.000000	130067    	1320.000000	112563    	1320.000000	154458    	
1340.000000	9.37494e+06	1340.000000	9.35473e+06	1340.000000	9.47595e+06	1340.000000	9.48494e+06	1340.000000	9.50805e+06	1340.000000	91278.1   	1340.000000	52151.4   	1340.000000	132302    	1340.000000	114637    	1340.000000	157405    	
1360.000000	9.5609e+06	1360.000000	9.5392e+06	1360.000000	9.66397e+06	1360.000000	9.67315e+06	1360.000000	9.69666e+06	1360.000000	92613.8   	1360.000000	53143.8   	1360.000000	134531    	1360.000000	116709    	1360.000000	160353    	
1380.000000	9.74717e+06	1380.000000	9.72398e+06	1380.000000	9.85237e+06	1380.000000	9.86175e+06	1380.000000	9.88566e+06	1380.000000	93941.7   	1380.000000	54138.6   	1380.000000	136755    	1380.000000	118779    	1380.000000	163299    	
1400.000000	9.93372e+06	1400.000000	9.90904e+06	1400.000000	1.00411e+07	1400.000000	1.00507e+07	1400.000000	1.0075e+07	1400.000000	95261.8   	1400.000000	55135.8   	1400.000000	138972    	1400.000000	120847    	1400.000000	166245    	
1420.000000	1.01205e+07	1420.000000	1.00944e+07	1420.000000	1.02303e+07	1420.000000	1.024e+07 	1420.000000	1.02648e+07	1420.000000	96574.2   	1420.000000	56135.4   	1420.000000	141183    	1420.000000	122914    	1420.000000	169190    	
1440.000000	1.03076e+07	1440.000000	1.028e+07 	1440.000000	1.04197e+07	1440.000000	1.04297e+07	1440.000000	1.04548e+07	1440.000000	97878.9   	1440.000000	57137.3   	1440.000000	143389    	1440.000000	124978    	1440.000000	172133    	
1460.000000	1.04949e+07	1460.000000	1.04658e+07	1460.000000	1.06095e+07	1460.000000	1.06197e+07	1460.000000	1.06452e+07	1460.000000	99176     	1460.000000	58141.5   	1460.000000	145588    	1460.000000	127040    	1460.000000	175075    	
1480.000000	1.06824e+07	1480.000000	1.06518e+07	1480.000000	1.07996e+07	1480.000000	1.081e+07 	1480.000000	1.0836e+07	1480.000000	100465    	1480.000000	59148     	1480.000000	147780    	1480.000000	129099    	1480.000000	178014    	
1500.000000	1.087e+07 	1500.000000	1.08381e+07	1500.000000	1.099e+07 	1500.000000	1.10006e+07	1500.000000	1.1027e+07	1500.000000	101747    	1500.000000	60156.7   	1500.000000	149967    	1500.000000	131156    	1500.000000	180952    	
1520.000000	1.10579e+07	1520.000000	1.10246e+07	1520.000000	1.11807e+07	1520.000000	1.11915e+07	1520.000000	1.12183e+07	1520.000000	103022    	1520.000000	61167.6   	1520.000000	152147    	1520.000000	133210    	1520.000000	183888    	
1540.000000	1.12459e+07	1540.000000	1.12112e+07	1540.000000	1.13717e+07	1540.000000	1.13827e+07	1540.000000	1.14099e+07	1540.000000	104289    	1540.000000	62180.7   	1540.000000	154321    	1540.000000	135262    	1540.000000	186821    	
1560.000000	1.14341e+07	1560.000000	1.1398e+07	1560.000000	1.1563e+07	1560.000000	1.15742e+07	1560.000000	1.16018e+07	1560.000000	105549    	1560.000000	63196     	1560.000000	156489    	1560.000000	137311    	1560.000000	189752    	
1580.000000	1.16224e+07	1580.000000	1.1585e+07	1580.000000	1.17545e+07	1580.000000	1.17659e+07	1580.000000	1.17939e+07	1580.000000	106802    	1580.000000	64213.5   	1580.000000	158650    	1580.000000	139357    	1580.000000	192680    	
1600.000000	1.18108e+07	1600.000000	1.17721e+07	1600.000000	1.19463e+07	1600.000000	1.19579e+07	1600.000000	1.19863e+07	1600.000000	108047    	1600.000000	65233     	1600.000000	160804    	1600.000000	141399    	1600.000000	195605    	
1620.000000	1.19994e+07	1620.000000	1.19594e+07	1620.000000	1.21383e+07	1620.000000	1.21501e+07	1620.000000	1.21789e+07	1620.000000	109285    	1620.000000	66254.8   	1620.000000	162952    	1620.000000	143439    	1620.000000	198528    	
1640.000000	1.2188e+07	1640.000000	1.21467e+07	1640.000000	1.23305e+07	1640.000000	1.23425e+07	1640.000000	1.23717e+07	1640.000000	110516    	1640.000000	67278.6   	1640.000000	165094    	1640.000000	145476    	1640.000000	201447    	
1660.000000	1.23767e+07	1660.000000	1.23342e+07	1660.000000	1.2523e+07	1660.000000	1.25352e+07	1660.000000	1.25648e+07	1660.000000	111740    	1660.000000	68304.6   	1660.000000	167229    	1660.000000	147509    	1660.000000	204363    	
1680.000000	1.25654e+07	1680.000000	1.25218e+07	1680.000000	1.27157e+07	1680.000000	1.27281e+07	1680.000000	1.27581e+07	1680.000000	112957    	1680.000000	69332.7   	1680.000000	169358    	1680.000000	149539    	1680.000000	207275    	
1700.000000	1.27543e+07	1700.000000	1.27095e+07	1700.000000	1.29085e+07	1700.000000	1.29212e+07	1700.000000	1.29515e+07	1700.000000	114167    	1700.000000	70362.8   	1700.000000	171480    	1700.000000	151566    	1700.000000	210185    	
1750.000000	1.32265e+07	1750.000000	1.31791e+07	1750.000000	1.33916e+07	1750.000000	1.34047e+07	1750.000000	1.34361e+07	1750.000000	117163    	1750.000000	72946.9   	1750.000000	176756    	1750.000000	156618    	1750.000000	217442    	
1800.000000	1.36987e+07	1800.000000	1.3649e+07	1800.000000	1.38757e+07	1800.000000	1.38894e+07	1800.000000	1.39217e+07	1800.000000	120117    	1800.000000	75543     	1800.000000	181992    	1800.000000	161647    	1800.000000	224674    	
1850.000000	1.41709e+07	1850.000000	1.41191e+07	1850.000000	1.43608e+07	1850.000000	1.4375e+07	1850.000000	1.44084e+07	1850.000000	123030    	1850.000000	78150.4   	1850.000000	187186    	1850.000000	166654    	1850.000000	231882    	
1900.000000	1.46429e+07	1900.000000	1.45894e+07	1900.000000	1.48469e+07	1900.000000	1.48615e+07	1900.000000	1.48959e+07	1900.000000	125903    	1900.000000	80768.7   	1900.000000	192340    	1900.000000	171636    	1900.000000	239063    	
1950.000000	1.51145e+07	1950.000000	1.50596e+07	1950.000000	1.53337e+07	1950.000000	1.53489e+07	1950.000000	1.53842e+07	1950.000000	128737    	1950.000000	83397.5   	1950.000000	197453    	1950.000000	176595    	1950.000000	246216    	
2000.000000	1.55856e+07	2000.000000	1.55298e+07	2000.000000	1.58212e+07	2000.000000	1.58369e+07	2000.000000	1.58733e+07	2000.000000	131534    	2000.000000	86036.9   	2000.000000	202526    	2000.000000	181528    	2000.000000	253340    	
2100.000000	1.65259e+07	2100.000000	1.64693e+07	2100.000000	1.67982e+07	2100.000000	1.68149e+07	2100.000000	1.68532e+07	2100.000000	137017    	2100.000000	91347.5   	2100.000000	212551    	2100.000000	191321    	2100.000000	267500    	
2200.000000	1.74628e+07	2200.000000	1.74073e+07	2200.000000	1.77771e+07	2200.000000	1.77948e+07	2200.000000	1.78352e+07	2200.000000	142359    	2200.000000	96702.1   	2200.000000	222419    	2200.000000	201010    	2200.000000	281537    	
2300.000000	1.83957e+07	2300.000000	1.83432e+07	2300.000000	1.87576e+07	2300.000000	1.87763e+07	2300.000000	1.88186e+07	2300.000000	147568    	2300.000000	102100    	2300.000000	232133    	2300.000000	210596    	2300.000000	295446    	
2400.000000	1.9324e+07	2400.000000	1.92764e+07	2400.000000	1.97393e+07	2400.000000	1.9759e+07	2400.000000	1.98032e+07	2400.000000	152650    	2400.000000	107541    	2400.000000	241697    	2400.000000	220078    	2400.000000	309226    	
2500.000000	2.0247e+07	2500.000000	2.02065e+07	2500.000000	2.07217e+07	2500.000000	2.07424e+07	2500.000000	2.07886e+07	2500.000000	157610    	2500.000000	113021    	2500.000000	251114    	2500.000000	229455    	2500.000000	322875    	
2600.000000	2.11644e+07	2600.000000	2.11332e+07	2600.000000	2.17047e+07	2600.000000	2.17264e+07	2600.000000	2.17745e+07	2600.000000	162456    	2600.000000	118540    	2600.000000	260388    	2600.000000	238728    	2600.000000	336392    	
2700.000000	2.20756e+07	2700.000000	2.2056e+07	2700.000000	2.26879e+07	2700.000000	2.27106e+07	2700.000000	2.27606e+07	2700.000000	167193    	2700.000000	124096    	2700.000000	269523    	2700.000000	247897    	2700.000000	349777    	
2800.000000	2.29805e+07	2800.000000	2.29747e+07	2800.000000	2.36711e+07	2800.000000	2.36948e+07	2800.000000	2.37467e+07	2800.000000	171825    	2800.000000	129689    	2800.000000	278523    	2800.000000	256964    	2800.000000	363029    	
2900.000000	2.38786e+07	2900.000000	2.38892e+07	2900.000000	2.46542e+07	2900.000000	2.46789e+07	2900.000000	2.47327e+07	2900.000000	176358    	2900.000000	135320    	2900.000000	287392    	2900.000000	265930    	2900.000000	376150    	
3000.000000	2.47698e+07	3000.000000	2.47991e+07	3000.000000	2.5637e+07	3000.000000	2.56627e+07	3000.000000	2.57184e+07	3000.000000	180796    	3000.000000	140988    	3000.000000	296134    	3000.000000	274796    	3000.000000	389141    	
3200.000000	2.65306e+07	3200.000000	2.66047e+07	3200.000000	2.76012e+07	3200.000000	2.76288e+07	3200.000000	2.76883e+07	3200.000000	189404    	3200.000000	152436    	3200.000000	313252    	3200.000000	292234    	3200.000000	414736    	
3400.000000	2.82617e+07	3400.000000	2.83904e+07	3400.000000	2.95627e+07	3400.000000	2.95923e+07	3400.000000	2.96555e+07	3400.000000	197681    	3400.000000	164032    	3400.000000	329904    	3400.000000	309291    	3400.000000	439828    	
3600.000000	2.99621e+07	3600.000000	3.01556e+07	3600.000000	3.1521e+07	3600.000000	3.15525e+07	3600.000000	3.16194e+07	3600.000000	205655    	3600.000000	175774    	3600.000000	346118    	3600.000000	325982    	3600.000000	464430    	
3800.000000	3.16317e+07	3800.000000	3.18997e+07	3800.000000	3.34755e+07	3800.000000	3.35089e+07	3800.000000	3.35795e+07	3800.000000	213350    	3800.000000	187656    	3800.000000	361920    	3800.000000	342320    	3800.000000	488559    	
4000.000000	3.327e+07 	4000.000000	3.36224e+07	4000.000000	3.54259e+07	4000.000000	3.54612e+07	4000.000000	3.55354e+07	4000.000000	220788    	4000.000000	199675    	4000.000000	377334    	4000.000000	358320    	4000.000000	512230    	
4200.000000	3.48772e+07	4200.000000	3.53237e+07	4200.000000	3.73719e+07	4200.000000	3.74091e+07	4200.000000	3.7487e+07	4200.000000	227988    	4200.000000	211828    	4200.000000	392380    	4200.000000	373995    	4200.000000	535461    	
4400.000000	3.64535e+07	4400.000000	3.70035e+07	4400.000000	3.93134e+07	4400.000000	3.93524e+07	4400.000000	3.94339e+07	4400.000000	234967    	4400.000000	224111    	4400.000000	407079    	4400.000000	389359    	4400.000000	558267    	
4600.000000	3.79991e+07	4600.000000	3.86619e+07	4600.000000	4.12503e+07	4600.000000	4.12911e+07	4600.000000	4.13762e+07	4600.000000	241742    	4600.000000	236522    	4600.000000	421451    	4600.000000	404425    	4600.000000	580664    	
4800.000000	3.95145e+07	4800.000000	4.02991e+07	4800.000000	4.31824e+07	4800.000000	4.32251e+07	4800.000000	4.33137e+07	4800.000000	248326    	4800.000000	249061    	4800.000000	435511    	4800.000000	419204    	4800.000000	602668    	
5000.000000	4.10001e+07	5000.000000	4.19153e+07	5000.000000	4.51098e+07	5000.000000	4.51543e+07	5000.000000	4.52464e+07	5000.000000	254731    	5000.000000	261724    	5000.000000	449277    	5000.000000	433709    	5000.000000	624294    	
5250.000000	4.28162e+07	5250.000000	4.39064e+07	5250.000000	4.75124e+07	5250.000000	4.75591e+07	5250.000000	4.76555e+07	5250.000000	262504    	5250.000000	277726    	5250.000000	466092    	5250.000000	451471    	5250.000000	650815    	
5500.000000	4.45876e+07	5500.000000	4.58656e+07	5500.000000	4.99075e+07	5500.000000	4.99565e+07	5500.000000	5.00572e+07	5500.000000	270036    	5500.000000	293918    	5500.000000	482497    	5500.000000	468843    	5500.000000	676795    	
6000.000000	4.80018e+07	6000.000000	4.96912e+07	6000.000000	5.4676e+07	6000.000000	5.47294e+07	6000.000000	5.48386e+07	6000.000000	284445    	6000.000000	326860    	6000.000000	514169    	6000.000000	502489    	6000.000000	727227    	
6500.000000	5.12523e+07	6500.000000	5.33976e+07	6500.000000	5.9416e+07	6500.000000	5.94738e+07	6500.000000	5.95915e+07	6500.000000	298080    	6500.000000	360529    	6500.000000	544463    	6500.000000	534788    	6500.000000	775772    	
7000.000000	5.4349e+07	7000.000000	5.69905e+07	7000.000000	6.41288e+07	7000.000000	6.41909e+07	7000.000000	6.43169e+07	7000.000000	311037    	7000.000000	394902    	7000.000000	573524    	7000.000000	565860    	7000.000000	822593    	
7500.000000	5.73015e+07	7500.000000	6.04756e+07	7500.000000	6.88155e+07	7500.000000	6.88819e+07	7500.000000	6.9016e+07	7500.000000	323396    	7500.000000	429959    	7500.000000	601473    	7500.000000	595813    	7500.000000	867833    	
8000.000000	6.01188e+07	8000.000000	6.38585e+07	8000.000000	7.34772e+07	8000.000000	7.35478e+07	8000.000000	7.369e+07 	8000.000000	335223    	8000.000000	465682    	8000.000000	628414    	8000.000000	624738    	8000.000000	911619    	
8500.000000	6.28097e+07	8500.000000	6.71443e+07	8500.000000	7.81152e+07	8500.000000	7.819e+07 	8500.000000	7.83402e+07	8500.000000	346574    	8500.000000	502054    	8500.000000	654436    	8500.000000	652719    	8500.000000	954062    	
9000.000000	6.5382e+07	9000.000000	7.03383e+07	9000.000000	8.27306e+07	9000.000000	8.28095e+07	9000.000000	8.29676e+07	9000.000000	357496    	9000.000000	539058    	9000.000000	679617    	9000.000000	679827    	9000.000000	995262    	
9500.000000	6.78432e+07	9500.000000	7.3445e+07	9500.000000	8.73245e+07	9500.000000	8.74074e+07	9500.000000	8.75734e+07	9500.000000	368028    	9500.000000	576678    	9500.000000	704026    	9500.000000	706128    	9500.000000	1.03531e+06	
10000.000000	7.02004e+07	10000.000000	7.6469e+07	10000.000000	9.18978e+07	10000.000000	9.19848e+07	10000.000000	9.21585e+07	10000.000000	378205    	10000.000000	614898    	10000.000000	727722    	10000.000000	731678    	10000.000000	1.07428e+06	
11000.000000	7.46275e+07	11000.000000	8.2285e+07	11000.000000	1.00986e+08	11000.000000	1.01082e+08	11000.000000	1.01271e+08	11000.000000	397612    	11000.000000	693086    	11000.000000	773178    	11000.000000	780727    	11000.000000	1.14927e+06	
12000.000000	7.8709e+07	12000.000000	8.78165e+07	12000.000000	1.10004e+08	12000.000000	1.10106e+08	12000.000000	1.10311e+08	12000.000000	415913    	12000.000000	773543    	12000.000000	816341    	12000.000000	827325    	12000.000000	1.22074e+06	
13000.000000	8.2484e+07	13000.000000	9.30897e+07	13000.000000	1.18956e+08	13000.000000	1.19066e+08	13000.000000	1.19285e+08	13000.000000	433262    	13000.000000	856177    	13000.000000	857496    	13000.000000	871760    	13000.000000	1.28907e+06	
14000.000000	8.59862e+07	14000.000000	9.81278e+07	14000.000000	1.27847e+08	14000.000000	1.27964e+08	14000.000000	1.28198e+08	14000.000000	449783    	14000.000000	940872    	14000.000000	896874    	14000.000000	914268    	14000.000000	1.35461e+06	
15000.000000	8.92444e+07	15000.000000	1.02951e+08	15000.000000	1.36682e+08	15000.000000	1.36807e+08	15000.000000	1.37056e+08	15000.000000	465574    	15000.000000	1.02752e+06	15000.000000	934668    	15000.000000	955050    	15000.000000	1.41764e+06	
16000.000000	9.22836e+07	16000.000000	1.07577e+08	16000.000000	1.45464e+08	16000.000000	1.45598e+08	16000.000000	1.45861e+08	16000.000000	480716    	16000.000000	1.11605e+06	16000.000000	971038    	16000.000000	994274    	16000.000000	1.4784e+06	
17000.000000	9.51253e+07	17000.000000	1.12021e+08	17000.000000	1.54198e+08	17000.000000	1.5434e+08	17000.000000	1.54617e+08	17000.000000	495279    	17000.000000	1.20642e+06	17000.000000	1.00612e+06	17000.000000	1.03208e+06	17000.000000	1.53709e+06	
18000.000000	9.77886e+07	18000.000000	1.16298e+08	18000.000000	1.62886e+08	18000.000000	1.63037e+08	18000.000000	1.63329e+08	18000.000000	509319    	18000.000000	1.29858e+06	18000.000000	1.04003e+06	18000.000000	1.0686e+06	18000.000000	1.59389e+06	
19000.000000	1.0029e+08	19000.000000	1.20419e+08	19000.000000	1.71533e+08	19000.000000	1.71691e+08	19000.000000	1.71997e+08	19000.000000	522884    	19000.000000	1.39251e+06	19000.000000	1.07287e+06	19000.000000	1.10393e+06	19000.000000	1.64896e+06	
20000.000000	1.02644e+08	20000.000000	1.24397e+08	20000.000000	1.8014e+08	20000.000000	1.80306e+08	20000.000000	1.80626e+08	20000.000000	536017    	20000.000000	1.48817e+06	20000.000000	1.10472e+06	20000.000000	1.13817e+06	20000.000000	1.70242e+06	
21000.000000	1.04863e+08	21000.000000	1.2824e+08	21000.000000	1.8871e+08	21000.000000	1.88883e+08	21000.000000	1.89217e+08	21000.000000	548754    	21000.000000	1.58551e+06	21000.000000	1.13566e+06	21000.000000	1.17141e+06	21000.000000	1.7544e+06	
22000.000000	1.06958e+08	22000.000000	1.31958e+08	22000.000000	1.97245e+08	22000.000000	1.97424e+08	22000.000000	1.97772e+08	22000.000000	561125    	22000.000000	1.68451e+06	22000.000000	1.16577e+06	22000.000000	1.20371e+06	22000.000000	1.805e+06 	
23000.000000	1.08941e+08	23000.000000	1.35559e+08	23000.000000	2.05746e+08	23000.000000	2.05932e+08	23000.000000	2.06294e+08	23000.000000	573159    	23000.000000	1.78511e+06	23000.000000	1.19508e+06	23000.000000	1.23514e+06	23000.000000	1.85431e+06	
24000.000000	1.10819e+08	24000.000000	1.39051e+08	24000.000000	2.14215e+08	24000.000000	2.14407e+08	24000.000000	2.14783e+08	24000.000000	584881    	24000.000000	1.8873e+06	24000.000000	1.22367e+06	24000.000000	1.26576e+06	24000.000000	1.90243e+06	
25000.000000	1.12601e+08	25000.000000	1.42439e+08	25000.000000	2.22654e+08	25000.000000	2.22852e+08	25000.000000	2.23241e+08	25000.000000	596311    	25000.000000	1.99094e+06	25000.000000	1.25158e+06	25000.000000	1.29562e+06	25000.000000	1.94942e+06	
26000.000000	1.14294e+08	26000.000000	1.4573e+08	26000.000000	2.31063e+08	26000.000000	2.31268e+08	26000.000000	2.31671e+08	26000.000000	607470    	26000.000000	2.09597e+06	26000.000000	1.27884e+06	26000.000000	1.32477e+06	26000.000000	1.99535e+06	
27000.000000	1.15904e+08	27000.000000	1.4893e+08	27000.000000	2.39445e+08	27000.000000	2.39655e+08	27000.000000	2.40073e+08	27000.000000	618374    	27000.000000	2.20241e+06	27000.000000	1.3055e+06	27000.000000	1.35325e+06	27000.000000	2.04029e+06	
28000.000000	1.17438e+08	28000.000000	1.52043e+08	28000.000000	2.478e+08 	28000.000000	2.48017e+08	28000.000000	2.48448e+08	28000.000000	629039    	28000.000000	2.31029e+06	28000.000000	1.3316e+06	28000.000000	1.38109e+06	28000.000000	2.08429e+06	
29000.000000	1.18901e+08	29000.000000	1.55074e+08	29000.000000	2.5613e+08	29000.000000	2.56353e+08	29000.000000	2.56797e+08	29000.000000	639480    	29000.000000	2.41959e+06	29000.000000	1.35715e+06	29000.000000	1.40834e+06	29000.000000	2.1274e+06	
30000.000000	1.20297e+08	30000.000000	1.58028e+08	30000.000000	2.64436e+08	30000.000000	2.64664e+08	30000.000000	2.65123e+08	30000.000000	649708    	30000.000000	2.53029e+06	30000.000000	1.3822e+06	30000.000000	1.43502e+06	30000.000000	2.16966e+06	
32000.000000	1.22908e+08	32000.000000	1.63719e+08	32000.000000	2.80977e+08	32000.000000	2.81217e+08	32000.000000	2.81703e+08	32000.000000	669576    	32000.000000	2.75574e+06	32000.000000	1.43088e+06	32000.000000	1.4868e+06	32000.000000	2.25184e+06	
34000.000000	1.25301e+08	34000.000000	1.69145e+08	34000.000000	2.97433e+08	34000.000000	2.97683e+08	34000.000000	2.98196e+08	34000.000000	688724    	34000.000000	2.9863e+06	34000.000000	1.47782e+06	34000.000000	1.53665e+06	34000.000000	2.33112e+06	
36000.000000	1.27503e+08	36000.000000	1.74328e+08	36000.000000	3.13808e+08	36000.000000	3.14067e+08	36000.000000	3.14609e+08	36000.000000	707221    	36000.000000	3.22174e+06	36000.000000	1.52318e+06	36000.000000	1.58473e+06	36000.000000	2.40776e+06	
38000.000000	1.29534e+08	38000.000000	1.79291e+08	38000.000000	3.30107e+08	38000.000000	3.30376e+08	38000.000000	3.30945e+08	38000.000000	725127    	38000.000000	3.46188e+06	38000.000000	1.56709e+06	38000.000000	1.63121e+06	38000.000000	2.48198e+06	
40000.000000	1.31415e+08	40000.000000	1.84053e+08	40000.000000	3.46336e+08	40000.000000	3.46614e+08	40000.000000	3.47211e+08	40000.000000	742491    	40000.000000	3.70661e+06	40000.000000	1.60967e+06	40000.000000	1.6762e+06	40000.000000	2.55399e+06	
42000.000000	1.33161e+08	42000.000000	1.88628e+08	42000.000000	3.62498e+08	42000.000000	3.62784e+08	42000.000000	3.6341e+08	42000.000000	759358    	42000.000000	3.95583e+06	42000.000000	1.65102e+06	42000.000000	1.71984e+06	42000.000000	2.62394e+06	
44000.000000	1.34786e+08	44000.000000	1.93032e+08	44000.000000	3.78598e+08	44000.000000	3.78892e+08	44000.000000	3.79546e+08	44000.000000	775767    	44000.000000	4.20946e+06	44000.000000	1.69124e+06	44000.000000	1.76222e+06	44000.000000	2.692e+06 	
46000.000000	1.36301e+08	46000.000000	1.97278e+08	46000.000000	3.94637e+08	46000.000000	3.9494e+08	46000.000000	3.95622e+08	46000.000000	791751    	46000.000000	4.46741e+06	46000.000000	1.7304e+06	46000.000000	1.80342e+06	46000.000000	2.75829e+06	
48000.000000	1.37718e+08	48000.000000	2.01376e+08	48000.000000	4.10621e+08	48000.000000	4.10931e+08	48000.000000	4.11642e+08	48000.000000	807340    	48000.000000	4.72962e+06	48000.000000	1.76858e+06	48000.000000	1.84353e+06	48000.000000	2.82292e+06	
50000.000000	1.39044e+08	50000.000000	2.05337e+08	50000.000000	4.26551e+08	50000.000000	4.26868e+08	50000.000000	4.27609e+08	50000.000000	822561    	50000.000000	4.99597e+06	50000.000000	1.80583e+06	50000.000000	1.88263e+06	50000.000000	2.88601e+06	
