! 2H energy loss (dE/dX) in H8C8
! apply ZOOM for details
Energy (MeV/u)1	0 - [He-base] F.Hubert et al, AD&ND Tables 46(1990)1	Energy (MeV/u)2	1 - [H -base] J.F.Ziegler et al,Pergamon Press,NY(low energy)	Energy (MeV/u)3	2 - ATIMA 1.2 LS-theory (recommended for high energy)	Energy (MeV/u)4	3 - ATIMA 1.2 without LS-correction	Energy (MeV/u)5	4 - ATIMA 1.4 H.Weick, improved mean charge formula for HI	Energy (MeV/u)6	5 - electrical component of [1] - J.F.Ziegler et al	Energy (MeV/u)7	6 - nuclear component of [1] - J.F.Ziegler et al	
0.001000	0.0218809 	0.001000	0.028592  	0.001000	0.037039  	0.001000	0.037039  	0.001000	0.0370288 	0.001000	0.0241814 	0.001000	0.00441067	
0.002000	0.0260686 	0.002000	0.0338077 	0.002000	0.0417889 	0.002000	0.0417889 	0.002000	0.0417832 	0.002000	0.0308206 	0.002000	0.0029871 	
0.005000	0.0342359 	0.005000	0.0441121 	0.005000	0.050429  	0.005000	0.050429  	0.005000	0.0504266 	0.005000	0.0424737 	0.005000	0.0016384 	
0.008000	0.0398362 	0.008000	0.0512406 	0.008000	0.0560463 	0.008000	0.0560463 	0.008000	0.0560448 	0.008000	0.0500683 	0.008000	0.00117232	
0.010000	0.0428897 	0.010000	0.0551238 	0.010000	0.0590106 	0.010000	0.0590106 	0.010000	0.0590094 	0.010000	0.0541354 	0.010000	0.000988421	
0.015000	0.0517297 	0.015000	0.0628136 	0.015000	0.0649398 	0.015000	0.0649398 	0.015000	0.064939  	0.015000	0.0620858 	0.015000	0.000727716	
0.020000	0.0589727 	0.020000	0.0689762 	0.020000	0.0695827 	0.020000	0.0695827 	0.020000	0.0695821 	0.020000	0.0683938 	0.020000	0.000582381	
0.025000	0.0649629 	0.025000	0.0740828 	0.025000	0.0734476 	0.025000	0.0734476 	0.025000	0.0734471 	0.025000	0.0735942 	0.025000	0.000488612	
0.030000	0.0698844 	0.030000	0.0783801 	0.030000	0.0768099 	0.030000	0.0768099 	0.030000	0.0768096 	0.030000	0.0779575 	0.030000	0.000422638	
0.035000	0.0738583 	0.035000	0.0820175 	0.035000	0.0796105 	0.035000	0.0796105 	0.035000	0.0796102 	0.035000	0.0816441 	0.035000	0.000373466	
0.040000	0.0769799 	0.040000	0.0850952 	0.040000	0.0819464 	0.040000	0.0819464 	0.040000	0.0819462 	0.040000	0.0847599 	0.040000	0.000335276	
0.045000	0.0793351 	0.045000	0.0876857 	0.045000	0.0838882 	0.045000	0.0838882 	0.045000	0.083888  	0.045000	0.0873811 	0.045000	0.000304682	
0.050000	0.0810064 	0.050000	0.0898452 	0.050000	0.0854896 	0.050000	0.0854896 	0.050000	0.0854894 	0.050000	0.0895657 	0.050000	0.000279574	
0.055000	0.0820752 	0.055000	0.0916194 	0.055000	0.0867935 	0.055000	0.0867935 	0.055000	0.0867933 	0.055000	0.0913608 	0.055000	0.000258567	
0.060000	0.0826214 	0.060000	0.093047  	0.060000	0.0878352 	0.060000	0.0878352 	0.060000	0.087835  	0.060000	0.0928063 	0.060000	0.000240709	
0.070000	0.0824512 	0.070000	0.0949959 	0.070000	0.0892477 	0.070000	0.0892477 	0.070000	0.0892476 	0.070000	0.094784  	0.070000	0.000211925	
0.080000	0.0810578 	0.080000	0.0959279 	0.080000	0.0899224 	0.080000	0.0899224 	0.080000	0.0899223 	0.080000	0.0957383 	0.080000	0.00018968	
0.090000	0.0789035 	0.090000	0.096043  	0.090000	0.0900113 	0.090000	0.0900113 	0.090000	0.0900113 	0.090000	0.0958711 	0.090000	0.000171934	
0.100000	0.0763389 	0.100000	0.0955134 	0.100000	0.0896369 	0.100000	0.0896369 	0.100000	0.0896369 	0.100000	0.0953559 	0.100000	0.000157421	
0.120000	0.0708804 	0.120000	0.093087  	0.120000	0.0878799 	0.120000	0.0878799 	0.120000	0.0878798 	0.120000	0.092952  	0.120000	0.00013505	
0.140000	0.0657611 	0.140000	0.0895642 	0.140000	0.0852548 	0.140000	0.0852548 	0.140000	0.0852548 	0.140000	0.0894457 	0.140000	0.000118558	
0.160000	0.061317  	0.160000	0.0855538 	0.160000	0.0821677 	0.160000	0.0821677 	0.160000	0.0821677 	0.160000	0.0854479 	0.160000	0.000105861	
0.180000	0.0575621 	0.180000	0.0814318 	0.180000	0.0788863 	0.180000	0.0788863 	0.180000	0.0788863 	0.180000	0.081336  	0.180000	9.57638e-05	
0.200000	0.0544027 	0.200000	0.0774139 	0.200000	0.0755826 	0.200000	0.0755826 	0.200000	0.0755826 	0.200000	0.0773264 	0.200000	8.75276e-05	
0.250000	0.0484027 	0.250000	0.0684175 	0.250000	0.0678142 	0.250000	0.0678142 	0.250000	0.0678142 	0.250000	0.0683452 	0.250000	7.22928e-05	
0.300000	0.0441246 	0.300000	0.0611264 	0.300000	0.0611588 	0.300000	0.0611588 	0.300000	0.0611588 	0.300000	0.0610646 	0.300000	6.17902e-05	
0.350000	0.0408395 	0.350000	0.0553104 	0.350000	0.0556414 	0.350000	0.0556414 	0.350000	0.0556414 	0.350000	0.0552564 	0.350000	5.40835e-05	
0.400000	0.0381757 	0.400000	0.0506357 	0.400000	0.0510918 	0.400000	0.0510918 	0.400000	0.0510918 	0.400000	0.0505875 	0.400000	4.81723e-05	
0.450000	0.0359337 	0.450000	0.0468192 	0.450000	0.0473163 	0.450000	0.0473163 	0.450000	0.0473163 	0.450000	0.0467757 	0.450000	4.34857e-05	
0.500000	0.0339987 	0.500000	0.0436484 	0.500000	0.0441479 	0.500000	0.0441479 	0.500000	0.0441479 	0.500000	0.0436088 	0.500000	3.96732e-05	
0.600000	0.0307865 	0.600000	0.0386707 	0.600000	0.0391378 	0.600000	0.0391378 	0.600000	0.0391378 	0.600000	0.0386369 	0.600000	3.38341e-05	
0.700000	0.0281974 	0.700000	0.0349126 	0.700000	0.0353437 	0.700000	0.0353437 	0.700000	0.0353437 	0.700000	0.034883  	0.700000	2.95609e-05	
0.800000	0.0260499 	0.800000	0.0319464 	0.800000	0.0323513 	0.800000	0.0323513 	0.800000	0.0323513 	0.800000	0.0319202 	0.800000	2.62904e-05	
0.900000	0.0242329 	0.900000	0.0295265 	0.900000	0.0299145 	0.900000	0.0299145 	0.900000	0.0299145 	0.900000	0.0295028 	0.900000	2.37022e-05	
1.000000	0.0226719 	1.000000	0.0275022 	1.000000	0.02788   	1.000000	0.02788   	1.000000	0.02788   	1.000000	0.0274806 	1.000000	2.16e-05  	
1.250000	0.019578  	1.250000	0.0236051 	1.250000	0.0239727 	1.250000	0.0239727 	1.250000	0.0239727 	1.250000	0.0235874 	1.250000	1.77342e-05	
1.500000	0.0172731 	1.500000	0.0207734 	1.500000	0.0211388 	1.500000	0.0211388 	1.500000	0.0211388 	1.500000	0.0207584 	1.500000	1.50877e-05	
1.750000	0.0154838 	1.750000	0.0186032 	1.750000	0.0189672 	1.750000	0.0189672 	1.750000	0.0189672 	1.750000	0.0185901 	1.750000	1.31564e-05	
2.000000	0.0140514 	2.000000	0.0168778 	2.000000	0.0172395 	2.000000	0.0172395 	2.000000	0.0172395 	2.000000	0.0168661 	2.000000	1.16817e-05	
2.250000	0.0128768 	2.250000	0.0154683 	2.250000	0.0158266 	2.250000	0.0158266 	2.250000	0.0158266 	2.250000	0.0154577 	2.250000	1.05169e-05	
2.500000	0.0118434 	2.500000	0.0142924 	2.500000	0.0146464 	2.500000	0.0146464 	2.500000	0.0146464 	2.500000	0.0142829 	2.500000	9.57244e-06	
3.000000	0.0103414 	3.000000	0.0124369 	3.000000	0.0127802 	3.000000	0.0127802 	3.000000	0.0127802 	3.000000	0.0124288 	3.000000	8.13165e-06	
3.500000	0.00920149	3.500000	0.011034  	3.500000	0.0113653 	3.500000	0.0113653 	3.500000	0.0113653 	3.500000	0.0110269 	3.500000	7.08203e-06	
4.000000	0.0083043 	4.000000	0.0099327 	4.000000	0.0102519 	4.000000	0.0102519 	4.000000	0.0102519 	4.000000	0.00992642	4.000000	6.28171e-06	
4.500000	0.00757829	4.500000	0.00904335	4.500000	0.00935073	4.500000	0.00935073	4.500000	0.00935073	4.500000	0.0090377 	4.500000	5.65033e-06	
5.000000	0.00697778	5.000000	0.00830892	5.000000	0.00860501	5.000000	0.00860501	5.000000	0.00860502	5.000000	0.00830378	5.000000	5.1389e-06	
5.500000	0.00647218	5.500000	0.00769138	5.500000	0.00797683	5.500000	0.00797683	5.500000	0.00797683	5.500000	0.00768666	5.500000	4.71582e-06	
6.000000	0.0060402 	6.000000	0.00716433	6.000000	0.00743981	6.000000	0.00743981	6.000000	0.00743981	6.000000	0.00715997	6.000000	4.35973e-06	
6.500000	0.00566653	6.500000	0.00670886	6.500000	0.00697501	6.500000	0.00697501	6.500000	0.00697502	6.500000	0.0067048 	6.500000	4.05569e-06	
7.000000	0.00533988	7.000000	0.00631102	7.000000	0.00656847	7.000000	0.00656847	7.000000	0.00656847	7.000000	0.00630723	7.000000	3.79293e-06	
7.500000	0.00505174	7.500000	0.00596032	7.500000	0.00620963	7.500000	0.00620963	7.500000	0.00620963	7.500000	0.00595676	7.500000	3.56347e-06	
8.000000	0.00479553	8.000000	0.00564868	8.000000	0.00589038	8.000000	0.00589038	8.000000	0.00589039	8.000000	0.00564532	8.000000	3.36128e-06	
8.500000	0.00456612	8.500000	0.0053698 	8.500000	0.00560437	8.500000	0.00560437	8.500000	0.00560438	8.500000	0.00536661	8.500000	3.1817e-06	
9.000000	0.00435944	9.000000	0.00511865	9.000000	0.00534655	9.000000	0.00534655	9.000000	0.00534656	9.000000	0.00511563	9.000000	3.0211e-06	
9.500000	0.0041722 	9.500000	0.00489124	9.500000	0.00511286	9.500000	0.00511286	9.500000	0.00511286	9.500000	0.00488836	9.500000	2.87657e-06	
10.000000	0.00400173	10.000000	0.00486897	10.000000	0.00489999	10.000000	0.00489999	10.000000	0.00489999	10.000000	0.00486623	10.000000	2.74579e-06	
11.000000	0.00370267	11.000000	0.00450794	11.000000	0.004522  	11.000000	0.00452203	11.000000	0.00452051	11.000000	0.00450542	11.000000	2.51822e-06	
12.000000	0.00344868	12.000000	0.00420029	12.000000	0.0042015 	12.000000	0.00420157	12.000000	0.00419897	12.000000	0.00419796	12.000000	2.32681e-06	
13.000000	0.00323014	13.000000	0.00393486	13.000000	0.00392633	13.000000	0.00392638	13.000000	0.00392292	13.000000	0.0039327 	13.000000	2.16349e-06	
14.000000	0.00303996	14.000000	0.00370341	14.000000	0.00368748	14.000000	0.00368748	14.000000	0.00368329	14.000000	0.00370139	14.000000	2.02242e-06	
15.000000	0.00287289	15.000000	0.00349971	15.000000	0.00347815	15.000000	0.00347815	15.000000	0.00347334	15.000000	0.00349781	15.000000	1.8993e-06	
16.000000	0.00272486	16.000000	0.003319  	16.000000	0.00329329	16.000000	0.00329325	16.000000	0.0032879 	16.000000	0.00331721	16.000000	1.79085e-06	
17.000000	0.00259275	17.000000	0.00315754	17.000000	0.00312891	17.000000	0.00312876	17.000000	0.00312293	17.000000	0.00315584	17.000000	1.69458e-06	
18.000000	0.00247408	18.000000	0.00301236	18.000000	0.00298172	18.000000	0.00298152	18.000000	0.00297526	18.000000	0.00301075	18.000000	1.60852e-06	
19.000000	0.00236685	19.000000	0.00288108	19.000000	0.00284918	19.000000	0.00284897	19.000000	0.00284235	19.000000	0.00287955	19.000000	1.5311e-06	
20.000000	0.00226947	20.000000	0.00276177	20.000000	0.00272928	20.000000	0.00272907	20.000000	0.00272212	20.000000	0.00276031	20.000000	1.46107e-06	
21.000000	0.0021806 	21.000000	0.00265285	21.000000	0.00262035	21.000000	0.00262013	21.000000	0.00261287	21.000000	0.00265145	21.000000	1.3974e-06	
22.000000	0.00209916	22.000000	0.00255299	22.000000	0.00252095	22.000000	0.00252074	22.000000	0.00251322	22.000000	0.00255165	22.000000	1.33926e-06	
23.000000	0.00202424	23.000000	0.00246108	23.000000	0.00242996	23.000000	0.00242974	23.000000	0.00242198	23.000000	0.0024598 	23.000000	1.28595e-06	
24.000000	0.00195506	24.000000	0.00237622	24.000000	0.00234646	24.000000	0.00234615	24.000000	0.00233817	24.000000	0.00237498	24.000000	1.23688e-06	
25.000000	0.00189099	25.000000	0.00229759	25.000000	0.00226957	25.000000	0.00226913	25.000000	0.00226095	25.000000	0.0022964 	25.000000	1.19156e-06	
27.000000	0.00177601	27.000000	0.00215646	27.000000	0.00213262	27.000000	0.00213206	27.000000	0.00212353	27.000000	0.00215535	27.000000	1.11055e-06	
29.000000	0.00167571	29.000000	0.00203335	29.000000	0.0020145 	29.000000	0.00201395	29.000000	0.00200511	29.000000	0.00203231	29.000000	1.04023e-06	
31.000000	0.00158741	31.000000	0.00192496	31.000000	0.00190986	31.000000	0.00190931	31.000000	0.00190064	31.000000	0.00192398	31.000000	9.78589e-07	
33.000000	0.00150904	33.000000	0.00182877	33.000000	0.00181533	33.000000	0.00181481	33.000000	0.0018067 	33.000000	0.00182785	33.000000	9.24101e-07	
35.000000	0.00143898	35.000000	0.0017428 	35.000000	0.00173075	35.000000	0.00173028	35.000000	0.00172266	35.000000	0.00174193	35.000000	8.75572e-07	
38.000000	0.00134674	38.000000	0.00162968	38.000000	0.00161956	38.000000	0.00161893	38.000000	0.00161194	38.000000	0.00162887	38.000000	8.11954e-07	
41.000000	0.00126707	41.000000	0.00153202	41.000000	0.00152335	41.000000	0.0015227 	41.000000	0.00151624	41.000000	0.00153126	41.000000	7.57257e-07	
44.000000	0.00119752	44.000000	0.00144683	44.000000	0.00143924	44.000000	0.00143865	44.000000	0.00143264	44.000000	0.00144612	44.000000	7.09709e-07	
47.000000	0.00113623	47.000000	0.00137182	47.000000	0.00136513	47.000000	0.00136457	47.000000	0.00135896	47.000000	0.00137116	47.000000	6.67979e-07	
50.000000	0.0010818 	50.000000	0.00130527	50.000000	0.00129929	50.000000	0.00129877	50.000000	0.0012935 	50.000000	0.00130463	50.000000	6.31048e-07	
55.000000	0.00100339	55.000000	0.00120951	55.000000	0.00120446	55.000000	0.00120398	55.000000	0.0011992 	55.000000	0.00120894	55.000000	5.78089e-07	
60.000000	0.000937192	60.000000	0.0011288 	60.000000	0.00112445	60.000000	0.00112397	60.000000	0.00111959	60.000000	0.00112827	60.000000	5.33604e-07	
65.000000	0.000880503	65.000000	0.00105982	65.000000	0.00105605	65.000000	0.00105548	65.000000	0.00105144	65.000000	0.00105932	65.000000	4.95691e-07	
70.000000	0.000831375	70.000000	0.00100014	70.000000	0.000996684	70.000000	0.000996168	70.000000	0.000992415	70.000000	0.000999676	70.000000	4.62977e-07	
75.000000	0.00078836	75.000000	0.00094799	75.000000	0.000944769	75.000000	0.00094428	75.000000	0.000940776	75.000000	0.000947555	75.000000	4.34453e-07	
80.000000	0.000750362	80.000000	0.000902013	80.000000	0.000898951	80.000000	0.00089849	80.000000	0.000895201	80.000000	0.000901604	80.000000	4.09352e-07	
85.000000	0.000716534	85.000000	0.000861163	85.000000	0.000858207	85.000000	0.000857771	85.000000	0.00085467	85.000000	0.000860776	85.000000	3.87087e-07	
90.000000	0.00068621	90.000000	0.000824619	90.000000	0.000821734	90.000000	0.000821315	90.000000	0.000818381	90.000000	0.000824252	90.000000	3.67198e-07	
95.000000	0.000658861	95.000000	0.000791727	95.000000	0.000788976	95.000000	0.00078848	95.000000	0.000785695	95.000000	0.000791378	95.000000	3.49319e-07	
100.000000	0.00063406	100.000000	0.000761962	100.000000	0.000759222	100.000000	0.000758747	100.000000	0.000756095	100.000000	0.000761629	100.000000	3.33158e-07	
105.000000	0.000611458	105.000000	0.000734893	105.000000	0.000732146	105.000000	0.000731692	105.000000	0.000729161	105.000000	0.000734574	105.000000	3.18476e-07	
110.000000	0.000590769	110.000000	0.000710166	110.000000	0.000707404	110.000000	0.000706966	110.000000	0.000704544	110.000000	0.000709861	110.000000	3.05075e-07	
115.000000	0.000571755	115.000000	0.000687488	115.000000	0.0006847 	115.000000	0.000684279	115.000000	0.000681956	115.000000	0.000687196	115.000000	2.92795e-07	
120.000000	0.000554214	120.000000	0.000666612	120.000000	0.000663792	120.000000	0.000663386	120.000000	0.000661154	120.000000	0.000666331	120.000000	2.81497e-07	
125.000000	0.000537978	125.000000	0.00064733	125.000000	0.000644476	125.000000	0.000644082	125.000000	0.000641932	125.000000	0.000647059	125.000000	2.71068e-07	
130.000000	0.000522902	130.000000	0.000629464	130.000000	0.000626572	130.000000	0.000626191	130.000000	0.000624117	130.000000	0.000629203	130.000000	2.6141e-07	
135.000000	0.000508864	135.000000	0.000612863	135.000000	0.000609923	135.000000	0.000609562	135.000000	0.000607559	135.000000	0.000612611	135.000000	2.52439e-07	
140.000000	0.000495758	140.000000	0.000597397	140.000000	0.000594453	140.000000	0.000594066	140.000000	0.000592129	140.000000	0.000597153	140.000000	2.44084e-07	
145.000000	0.00048349	145.000000	0.000582951	145.000000	0.000580013	145.000000	0.00057959	145.000000	0.000577714	145.000000	0.000582715	145.000000	2.36283e-07	
150.000000	0.000471982	150.000000	0.000569428	150.000000	0.000566447	150.000000	0.000566037	150.000000	0.000564217	150.000000	0.000569199	150.000000	2.28982e-07	
155.000000	0.000455778	155.000000	0.000556742	155.000000	0.000553716	155.000000	0.000553321	155.000000	0.000551554	155.000000	0.00055652	155.000000	2.22134e-07	
160.000000	0.00044628	160.000000	0.000544816	160.000000	0.000541754	160.000000	0.000541367	160.000000	0.000539649	160.000000	0.0005446 	160.000000	2.15697e-07	
165.000000	0.000437323	165.000000	0.000533585	165.000000	0.000530485	165.000000	0.000530108	165.000000	0.000528436	165.000000	0.000533375	165.000000	2.09635e-07	
170.000000	0.000428862	170.000000	0.000522988	170.000000	0.000519854	170.000000	0.000519485	170.000000	0.000517856	170.000000	0.000522784	170.000000	2.03916e-07	
175.000000	0.000420857	175.000000	0.000512974	175.000000	0.000509806	175.000000	0.000509446	175.000000	0.000507858	175.000000	0.000512775	175.000000	1.98512e-07	
180.000000	0.00041327	180.000000	0.000503495	180.000000	0.000500296	180.000000	0.000499944	180.000000	0.000498394	180.000000	0.000503302	180.000000	1.93395e-07	
185.000000	0.000406069	185.000000	0.00049451	185.000000	0.000491283	185.000000	0.000490937	185.000000	0.000489423	185.000000	0.000494322	185.000000	1.88545e-07	
190.000000	0.000399226	190.000000	0.000485981	190.000000	0.000482728	190.000000	0.000482387	190.000000	0.000480908	190.000000	0.000485798	190.000000	1.83941e-07	
195.000000	0.000392714	195.000000	0.000477875	195.000000	0.000474591	195.000000	0.000474262	195.000000	0.000472815	195.000000	0.000477695	195.000000	1.79563e-07	
200.000000	0.000386509	200.000000	0.000470159	200.000000	0.00046685	200.000000	0.000466529	200.000000	0.000465113	200.000000	0.000469984	200.000000	1.75396e-07	
210.000000	0.000374937	210.000000	0.000455795	210.000000	0.000452493	210.000000	0.000452135	210.000000	0.000450777	210.000000	0.000455627	210.000000	1.67635e-07	
220.000000	0.00036436	220.000000	0.000442696	220.000000	0.00043937	220.000000	0.000439013	220.000000	0.000437706	220.000000	0.000442536	220.000000	1.60553e-07	
230.000000	0.000354656	230.000000	0.000430703	230.000000	0.000427345	230.000000	0.000427002	230.000000	0.000425742	230.000000	0.000430549	230.000000	1.54064e-07	
240.000000	0.000345718	240.000000	0.000419682	240.000000	0.000416302	240.000000	0.000415969	240.000000	0.000414752	240.000000	0.000419534	240.000000	1.48096e-07	
250.000000	0.00033746	250.000000	0.00040952	250.000000	0.000406123	250.000000	0.000405799	250.000000	0.000404622	250.000000	0.000409378	250.000000	1.42588e-07	
260.000000	0.000329806	260.000000	0.000400121	260.000000	0.000396712	260.000000	0.000396398	260.000000	0.000395256	260.000000	0.000399984	260.000000	1.37487e-07	
270.000000	0.000322693	270.000000	0.000391403	270.000000	0.000387988	270.000000	0.000387681	270.000000	0.000386573	270.000000	0.00039127	270.000000	1.32751e-07	
280.000000	0.000316065	280.000000	0.000383295	280.000000	0.000379878	280.000000	0.000379578	280.000000	0.000378501	280.000000	0.000383167	280.000000	1.2834e-07	
290.000000	0.000309873	290.000000	0.000375736	290.000000	0.000372316	290.000000	0.000372028	290.000000	0.000370979	290.000000	0.000375612	290.000000	1.24222e-07	
300.000000	0.000304078	300.000000	0.000368673	300.000000	0.000365279	300.000000	0.000364976	300.000000	0.000363954	300.000000	0.000368552	300.000000	1.20369e-07	
310.000000	0.000298641	310.000000	0.000362059	310.000000	0.000358699	310.000000	0.000358377	310.000000	0.00035738	310.000000	0.000361942	310.000000	1.16755e-07	
320.000000	0.000293531	320.000000	0.000355853	320.000000	0.000352504	320.000000	0.000352188	320.000000	0.000351214	320.000000	0.00035574	320.000000	1.13359e-07	
330.000000	0.00028872	330.000000	0.00035002	330.000000	0.000346681	330.000000	0.000346374	330.000000	0.000345422	330.000000	0.00034991	330.000000	1.10161e-07	
340.000000	0.000284181	340.000000	0.000344528	340.000000	0.000341205	340.000000	0.000340902	340.000000	0.000339971	340.000000	0.000344421	340.000000	1.07145e-07	
350.000000	0.000279894	350.000000	0.000339348	350.000000	0.000336042	350.000000	0.000335745	350.000000	0.000334833	350.000000	0.000339243	350.000000	1.04294e-07	
360.000000	0.000275839	360.000000	0.000334455	360.000000	0.000331168	360.000000	0.000330877	360.000000	0.000329982	360.000000	0.000334353	360.000000	1.01596e-07	
370.000000	0.000271996	370.000000	0.000329826	370.000000	0.000326526	370.000000	0.000326239	370.000000	0.000325362	370.000000	0.000329727	370.000000	9.90386e-08	
380.000000	0.000268351	380.000000	0.000325441	380.000000	0.00032213	380.000000	0.000321848	380.000000	0.000320987	380.000000	0.000325345	380.000000	9.66109e-08	
390.000000	0.000264888	390.000000	0.000321283	390.000000	0.000317964	390.000000	0.000317685	390.000000	0.00031684	390.000000	0.000321188	390.000000	9.43031e-08	
400.000000	0.000261595	400.000000	0.000317333	400.000000	0.000314008	400.000000	0.000313734	400.000000	0.000312903	400.000000	0.000317241	400.000000	9.21066e-08	
410.000000	0.000258461	410.000000	0.000313579	410.000000	0.00031025	410.000000	0.00030998	410.000000	0.000309163	410.000000	0.000313489	410.000000	9.00133e-08	
420.000000	0.000255473	420.000000	0.000310006	420.000000	0.000306676	420.000000	0.000306408	420.000000	0.000305604	420.000000	0.000309917	420.000000	8.80161e-08	
430.000000	0.000252623	430.000000	0.000306601	430.000000	0.000303271	430.000000	0.000303007	430.000000	0.000302215	430.000000	0.000306515	430.000000	8.61084e-08	
440.000000	0.000249901	440.000000	0.000303354	440.000000	0.000300022	440.000000	0.000299765	440.000000	0.000298985	440.000000	0.00030327	440.000000	8.42843e-08	
450.000000	0.0002473 	450.000000	0.000300255	450.000000	0.000296926	450.000000	0.000296671	450.000000	0.000295903	450.000000	0.000300172	450.000000	8.25384e-08	
460.000000	0.000244811	460.000000	0.000297293	460.000000	0.000293979	460.000000	0.000293717	460.000000	0.000292959	460.000000	0.000297212	460.000000	8.08656e-08	
470.000000	0.000242429	470.000000	0.000294461	470.000000	0.000291167	470.000000	0.000290893	470.000000	0.000290145	470.000000	0.000294382	470.000000	7.92615e-08	
480.000000	0.000240147	480.000000	0.000291751	480.000000	0.000288473	480.000000	0.000288192	480.000000	0.000287454	480.000000	0.000291673	480.000000	7.77218e-08	
490.000000	0.000237958	490.000000	0.000289155	490.000000	0.000285884	490.000000	0.000285605	490.000000	0.000284877	490.000000	0.000289079	490.000000	7.62427e-08	
500.000000	0.000235858	500.000000	0.000286667	500.000000	0.000283401	500.000000	0.000283127	500.000000	0.000282408	500.000000	0.000286593	500.000000	7.48206e-08	
520.000000	0.000231904	520.000000	0.000281991	520.000000	0.000278739	520.000000	0.000278472	520.000000	0.000277769	520.000000	0.000281918	520.000000	7.21348e-08	
540.000000	0.00022825	540.000000	0.000277677	540.000000	0.000274443	540.000000	0.00027418	540.000000	0.000273493	540.000000	0.000277607	540.000000	6.96409e-08	
560.000000	0.000224865	560.000000	0.000273688	560.000000	0.000270472	560.000000	0.000270214	560.000000	0.000269541	560.000000	0.00027362	560.000000	6.7319e-08	
580.000000	0.000221723	580.000000	0.000269991	580.000000	0.000266794	580.000000	0.00026654	580.000000	0.000265881	580.000000	0.000269926	580.000000	6.51516e-08	
600.000000	0.000218801	600.000000	0.000266558	600.000000	0.00026338	600.000000	0.00026313	600.000000	0.000262483	600.000000	0.000266495	600.000000	6.31236e-08	
620.000000	0.000216078	620.000000	0.000263364	620.000000	0.000260204	620.000000	0.000259958	620.000000	0.000259322	620.000000	0.000263303	620.000000	6.12219e-08	
640.000000	0.000213536	640.000000	0.000260387	640.000000	0.000257245	640.000000	0.000257002	640.000000	0.000256377	640.000000	0.000260328	640.000000	5.94349e-08	
660.000000	0.000211161	660.000000	0.000257609	660.000000	0.000254481	660.000000	0.000254242	660.000000	0.000253627	660.000000	0.000257551	660.000000	5.77525e-08	
680.000000	0.000208938	680.000000	0.000255011	680.000000	0.000251895	680.000000	0.000251661	680.000000	0.000251056	680.000000	0.000254954	680.000000	5.61656e-08	
700.000000	0.000206854	700.000000	0.000252578	700.000000	0.000249479	700.000000	0.000249244	700.000000	0.000248648	700.000000	0.000252524	700.000000	5.46662e-08	
720.000000	0.0002049 	720.000000	0.000250298	720.000000	0.000247223	720.000000	0.000246977	720.000000	0.000246389	720.000000	0.000250245	720.000000	5.32472e-08	
740.000000	0.000203064	740.000000	0.000248159	740.000000	0.000245103	740.000000	0.000244848	740.000000	0.000244268	740.000000	0.000248107	740.000000	5.19023e-08	
760.000000	0.000201338	760.000000	0.000246148	760.000000	0.0002431 	760.000000	0.000242846	760.000000	0.000242274	760.000000	0.000246098	760.000000	5.06257e-08	
780.000000	0.000199715	780.000000	0.000244258	780.000000	0.000241211	780.000000	0.000240962	780.000000	0.000240396	780.000000	0.000244208	780.000000	4.94123e-08	
800.000000	0.000198186	800.000000	0.000242478	800.000000	0.000239431	800.000000	0.000239185	800.000000	0.000238626	800.000000	0.00024243	800.000000	4.82575e-08	
820.000000	0.000196745	820.000000	0.000240802	820.000000	0.000237753	820.000000	0.000237509	820.000000	0.000236956	820.000000	0.000240755	820.000000	4.71571e-08	
840.000000	0.000195387	840.000000	0.000239221	840.000000	0.000236168	840.000000	0.000235926	840.000000	0.000235379	840.000000	0.000239175	840.000000	4.61073e-08	
860.000000	0.000194105	860.000000	0.00023773	860.000000	0.00023467	860.000000	0.00023443	860.000000	0.000233888	860.000000	0.000237685	860.000000	4.51047e-08	
880.000000	0.000192896	880.000000	0.000236322	880.000000	0.000233252	880.000000	0.000233014	880.000000	0.000232478	880.000000	0.000236278	880.000000	4.4146e-08	
900.000000	0.000191754	900.000000	0.000234992	900.000000	0.000231909	900.000000	0.000231673	900.000000	0.000231142	900.000000	0.000234948	900.000000	4.32285e-08	
920.000000	0.000190675	920.000000	0.000233735	920.000000	0.000230636	920.000000	0.000230402	920.000000	0.000229875	920.000000	0.000233692	920.000000	4.23496e-08	
940.000000	0.000189655	940.000000	0.000232546	940.000000	0.000229429	940.000000	0.000229196	940.000000	0.000228674	940.000000	0.000232504	940.000000	4.15067e-08	
960.000000	0.000188692	960.000000	0.000231421	960.000000	0.000228283	960.000000	0.000228052	960.000000	0.000227535	960.000000	0.000231381	960.000000	4.06978e-08	
980.000000	0.000187781	980.000000	0.000230357	980.000000	0.000227194	980.000000	0.000226965	980.000000	0.000226452	980.000000	0.000230317	980.000000	3.99207e-08	
1000.000000	0.00018692	1000.000000	0.00022935	1000.000000	0.00022616	1000.000000	0.000225932	1000.000000	0.000225423	1000.000000	0.000229311	1000.000000	3.91737e-08	
1020.000000	0.000186106	1020.000000	0.000228396	1020.000000	0.000225176	1020.000000	0.000224949	1020.000000	0.000224444	1020.000000	0.000228358	1020.000000	3.8455e-08	
1040.000000	0.000185336	1040.000000	0.000227493	1040.000000	0.00022424	1040.000000	0.000224014	1040.000000	0.000223513	1040.000000	0.000227456	1040.000000	3.7763e-08	
1060.000000	0.000184608	1060.000000	0.000226638	1060.000000	0.000223348	1060.000000	0.000223124	1060.000000	0.000222626	1060.000000	0.000226601	1060.000000	3.70962e-08	
1080.000000	0.000183921	1080.000000	0.000225828	1080.000000	0.000222499	1080.000000	0.000222276	1080.000000	0.000221781	1080.000000	0.000225791	1080.000000	3.64533e-08	
1100.000000	0.000183271	1100.000000	0.00022506	1100.000000	0.000221689	1100.000000	0.000221468	1100.000000	0.000220976	1100.000000	0.000225024	1100.000000	3.58329e-08	
1120.000000	0.000182657	1120.000000	0.000224333	1120.000000	0.000220918	1120.000000	0.000220697	1120.000000	0.000220209	1120.000000	0.000224298	1120.000000	3.5234e-08	
1140.000000	0.000182077	1140.000000	0.000223644	1140.000000	0.000220182	1140.000000	0.000219962	1140.000000	0.000219477	1140.000000	0.00022361	1140.000000	3.46553e-08	
1160.000000	0.00018153	1160.000000	0.000222992	1160.000000	0.000219479	1160.000000	0.00021926	1160.000000	0.000218778	1160.000000	0.000222958	1160.000000	3.4096e-08	
1180.000000	0.000181014	1180.000000	0.000222375	1180.000000	0.000218808	1180.000000	0.000218591	1180.000000	0.000218111	1180.000000	0.000222341	1180.000000	3.35549e-08	
1200.000000	0.000180527	1200.000000	0.00022179	1200.000000	0.000218167	1200.000000	0.000217951	1200.000000	0.000217474	1200.000000	0.000221757	1200.000000	3.30313e-08	
1220.000000	0.000180069	1220.000000	0.000221237	1220.000000	0.000217554	1220.000000	0.00021734	1220.000000	0.000216865	1220.000000	0.000221204	1220.000000	3.25243e-08	
1240.000000	0.000179637	1240.000000	0.000220713	1240.000000	0.000216968	1240.000000	0.000216755	1240.000000	0.000216284	1240.000000	0.000220681	1240.000000	3.2033e-08	
1260.000000	0.000179231	1260.000000	0.000220218	1260.000000	0.000216408	1260.000000	0.000216197	1260.000000	0.000215728	1260.000000	0.000220187	1260.000000	3.15569e-08	
1280.000000	0.00017885	1280.000000	0.00021975	1280.000000	0.000215874	1280.000000	0.000215663	1280.000000	0.000215196	1280.000000	0.000219719	1280.000000	3.10951e-08	
1300.000000	0.000178492	1300.000000	0.000219308	1300.000000	0.000215363	1300.000000	0.000215152	1300.000000	0.000214687	1300.000000	0.000219278	1300.000000	3.06471e-08	
1320.000000	0.000178157	1320.000000	0.000218891	1320.000000	0.000214875	1320.000000	0.000214663	1320.000000	0.000214201	1320.000000	0.000218861	1320.000000	3.02121e-08	
1340.000000	0.000177843	1340.000000	0.000218498	1340.000000	0.00021441	1340.000000	0.000214196	1340.000000	0.000213735	1340.000000	0.000218468	1340.000000	2.97898e-08	
1360.000000	0.00017755	1360.000000	0.000218127	1360.000000	0.000213965	1360.000000	0.000213748	1360.000000	0.000213289	1360.000000	0.000218097	1360.000000	2.93794e-08	
1380.000000	0.000177277	1380.000000	0.000217778	1380.000000	0.000213539	1380.000000	0.000213319	1380.000000	0.000212863	1380.000000	0.000217749	1380.000000	2.89805e-08	
1400.000000	0.000177023	1400.000000	0.000217449	1400.000000	0.000213132	1400.000000	0.000212909	1400.000000	0.000212454	1400.000000	0.00021742	1400.000000	2.85927e-08	
1420.000000	0.000176787	1420.000000	0.00021714	1420.000000	0.000212741	1420.000000	0.000212516	1420.000000	0.000212063	1420.000000	0.000217112	1420.000000	2.82154e-08	
1440.000000	0.000176569	1440.000000	0.000216851	1440.000000	0.000212367	1440.000000	0.000212139	1440.000000	0.000211688	1440.000000	0.000216823	1440.000000	2.78482e-08	
1460.000000	0.000176368	1460.000000	0.00021658	1460.000000	0.000212007	1460.000000	0.000211779	1460.000000	0.000211329	1460.000000	0.000216552	1460.000000	2.74907e-08	
1480.000000	0.000176183	1480.000000	0.000216326	1480.000000	0.000211662	1480.000000	0.000211433	1480.000000	0.000210985	1480.000000	0.000216299	1480.000000	2.71426e-08	
1500.000000	0.000176014	1500.000000	0.000216089	1500.000000	0.00021133	1500.000000	0.000211102	1500.000000	0.000210656	1500.000000	0.000216062	1500.000000	2.68035e-08	
1520.000000	0.00017586	1520.000000	0.000215869	1520.000000	0.000211012	1520.000000	0.000210785	1520.000000	0.00021034	1520.000000	0.000215842	1520.000000	2.6473e-08	
1540.000000	0.000175721	1540.000000	0.000215664	1540.000000	0.000210707	1540.000000	0.000210481	1540.000000	0.000210038	1540.000000	0.000215638	1540.000000	2.61508e-08	
1560.000000	0.000175596	1560.000000	0.000215474	1560.000000	0.000210415	1560.000000	0.00021019	1560.000000	0.000209748	1560.000000	0.000215448	1560.000000	2.58366e-08	
1580.000000	0.000175484	1580.000000	0.000215298	1580.000000	0.000210135	1580.000000	0.000209911	1580.000000	0.00020947	1580.000000	0.000215273	1580.000000	2.553e-08 	
1600.000000	0.000175386	1600.000000	0.000215137	1600.000000	0.000209866	1600.000000	0.000209643	1600.000000	0.000209204	1600.000000	0.000215111	1600.000000	2.52309e-08	
1620.000000	0.0001753 	1620.000000	0.000214988	1620.000000	0.000209609	1620.000000	0.000209387	1620.000000	0.000208949	1620.000000	0.000214964	1620.000000	2.49389e-08	
1640.000000	0.000175226	1640.000000	0.000214853	1640.000000	0.000209363	1640.000000	0.000209141	1640.000000	0.000208705	1640.000000	0.000214828	1640.000000	2.46538e-08	
1660.000000	0.000175164	1660.000000	0.00021473	1660.000000	0.000209127	1660.000000	0.000208906	1660.000000	0.000208471	1660.000000	0.000214706	1660.000000	2.43754e-08	
1680.000000	0.000175114	1680.000000	0.000214619	1680.000000	0.000208901	1680.000000	0.000208681	1680.000000	0.000208247	1680.000000	0.000214595	1680.000000	2.41033e-08	
1700.000000	0.000175075	1700.000000	0.00021452	1700.000000	0.000208684	1700.000000	0.000208465	1700.000000	0.000208032	1700.000000	0.000214496	1700.000000	2.38375e-08	
1750.000000	0.000175024	1750.000000	0.00021432	1750.000000	0.000208182	1750.000000	0.000207964	1750.000000	0.000207534	1750.000000	0.000214297	1750.000000	2.31985e-08	
1800.000000	0.000175034	1800.000000	0.000214184	1800.000000	0.000207732	1800.000000	0.000207514	1800.000000	0.000207087	1800.000000	0.000214162	1800.000000	2.25939e-08	
1850.000000	0.000175102	1850.000000	0.000214108	1850.000000	0.000207329	1850.000000	0.000207112	1850.000000	0.000206687	1850.000000	0.000214086	1850.000000	2.2021e-08	
1900.000000	0.000175224	1900.000000	0.000214085	1900.000000	0.000206968	1900.000000	0.000206752	1900.000000	0.000206329	1900.000000	0.000214064	1900.000000	2.14772e-08	
1950.000000	0.000175395	1950.000000	0.000214113	1950.000000	0.000206645	1950.000000	0.00020643	1950.000000	0.00020601	1950.000000	0.000214092	1950.000000	2.09604e-08	
2000.000000	0.000175612	2000.000000	0.000214188	2000.000000	0.000206358	2000.000000	0.000206144	2000.000000	0.000205726	2000.000000	0.000214167	2000.000000	2.04686e-08	
2100.000000	0.000176175	2100.000000	0.000214463	2100.000000	0.000205879	2100.000000	0.000205666	2100.000000	0.000205252	2100.000000	0.000214443	2100.000000	1.9553e-08	
2200.000000	0.000176889	2200.000000	0.000214887	2200.000000	0.000205508	2200.000000	0.000205297	2200.000000	0.000204886	2200.000000	0.000214868	2200.000000	1.8718e-08	
2300.000000	0.000177739	2300.000000	0.000215441	2300.000000	0.000205229	2300.000000	0.000205019	2300.000000	0.000204611	2300.000000	0.000215423	2300.000000	1.79533e-08	
2400.000000	0.000178709	2400.000000	0.000216109	2400.000000	0.000205028	2400.000000	0.000204819	2400.000000	0.000204414	2400.000000	0.000216091	2400.000000	1.72504e-08	
2500.000000	0.000179787	2500.000000	0.000216876	2500.000000	0.000204893	2500.000000	0.000204685	2500.000000	0.000204282	2500.000000	0.000216859	2500.000000	1.66019e-08	
2600.000000	0.000180962	2600.000000	0.000217732	2600.000000	0.000204814	2600.000000	0.000204608	2600.000000	0.000204207	2600.000000	0.000217716	2600.000000	1.60018e-08	
2700.000000	0.000182225	2700.000000	0.000218666	2700.000000	0.000204784	2700.000000	0.000204578	2700.000000	0.000204179	2700.000000	0.00021865	2700.000000	1.54447e-08	
2800.000000	0.000183568	2800.000000	0.00021967	2800.000000	0.000204796	2800.000000	0.00020459	2800.000000	0.000204193	2800.000000	0.000219655	2800.000000	1.49261e-08	
2900.000000	0.000184984	2900.000000	0.000220736	2900.000000	0.000204843	2900.000000	0.000204638	2900.000000	0.000204243	2900.000000	0.000220722	2900.000000	1.44422e-08	
3000.000000	0.000186468	3000.000000	0.000221858	3000.000000	0.000204921	3000.000000	0.000204717	3000.000000	0.000204323	3000.000000	0.000221844	3000.000000	1.39896e-08	
3200.000000	0.000189617	3200.000000	0.00022425	3200.000000	0.000205153	3200.000000	0.00020495	3200.000000	0.000204559	3200.000000	0.000224237	3200.000000	1.31665e-08	
3400.000000	0.000192982	3400.000000	0.000226809	3400.000000	0.000205465	3400.000000	0.000205263	3400.000000	0.000204874	3400.000000	0.000226796	3400.000000	1.24374e-08	
3600.000000	0.000196534	3600.000000	0.000229505	3600.000000	0.000205837	3600.000000	0.000205636	3600.000000	0.000205249	3600.000000	0.000229493	3600.000000	1.17868e-08	
3800.000000	0.000200252	3800.000000	0.000232316	3800.000000	0.000206254	3800.000000	0.000206054	3800.000000	0.000205668	3800.000000	0.000232305	3800.000000	1.12026e-08	
4000.000000	0.000204119	4000.000000	0.000235224	4000.000000	0.000206704	4000.000000	0.000206504	4000.000000	0.00020612	4000.000000	0.000235213	4000.000000	1.06751e-08	
4200.000000	0.000208121	4200.000000	0.000238215	4200.000000	0.000207178	4200.000000	0.000206979	4200.000000	0.000206596	4200.000000	0.000238205	4200.000000	1.01963e-08	
4400.000000	0.000212245	4400.000000	0.000241276	4400.000000	0.00020767	4400.000000	0.000207471	4400.000000	0.00020709	4400.000000	0.000241266	4400.000000	9.75977e-09	
4600.000000	0.000216482	4600.000000	0.000244398	4600.000000	0.000208173	4600.000000	0.000207975	4600.000000	0.000207594	4600.000000	0.000244389	4600.000000	9.36002e-09	
4800.000000	0.000220824	4800.000000	0.000247573	4800.000000	0.000208684	4800.000000	0.000208487	4800.000000	0.000208107	4800.000000	0.000247564	4800.000000	8.99258e-09	
5000.000000	0.000225264	5000.000000	0.000250793	5000.000000	0.0002092 	5000.000000	0.000209003	5000.000000	0.000208624	5000.000000	0.000250784	5000.000000	8.65364e-09	
5250.000000	0.000230943	5250.000000	0.000254873	5250.000000	0.000209847	5250.000000	0.00020965	5250.000000	0.000209272	5250.000000	0.000254865	5250.000000	8.26521e-09	
5500.000000	0.000236756	5500.000000	0.000259006	5500.000000	0.000210493	5500.000000	0.000210296	5500.000000	0.000209919	5500.000000	0.000258998	5500.000000	7.91104e-09	
6000.000000	0.000248753	6000.000000	0.000267401	6000.000000	0.000211771	6000.000000	0.000211575	6000.000000	0.000211198	6000.000000	0.000267394	6000.000000	7.28868e-09	
6500.000000	0.000261206	6500.000000	0.000275929	6500.000000	0.000213019	6500.000000	0.000212824	6500.000000	0.000212448	6500.000000	0.000275922	6500.000000	6.75934e-09	
7000.000000	0.000274079	7000.000000	0.000284556	7000.000000	0.00021423	7000.000000	0.000214035	7000.000000	0.000213659	7000.000000	0.00028455	7000.000000	6.30346e-09	
7500.000000	0.000287345	7500.000000	0.000293259	7500.000000	0.000215399	7500.000000	0.000215204	7500.000000	0.000214829	7500.000000	0.000293253	7500.000000	5.90663e-09	
8000.000000	0.000300983	8000.000000	0.000302018	8000.000000	0.000216526	8000.000000	0.000216331	8000.000000	0.000215956	8000.000000	0.000302012	8000.000000	5.55799e-09	
8500.000000	0.000314979	8500.000000	0.00031082	8500.000000	0.00021761	8500.000000	0.000217415	8500.000000	0.00021704	8500.000000	0.000310814	8500.000000	5.2492e-09	
9000.000000	0.00032932	9000.000000	0.000319654	9000.000000	0.000218652	9000.000000	0.000218458	9000.000000	0.000218083	9000.000000	0.000319649	9000.000000	4.97373e-09	
9500.000000	0.000343996	9500.000000	0.000328514	9500.000000	0.000219656	9500.000000	0.000219462	9500.000000	0.000219086	9500.000000	0.000328509	9500.000000	4.72643e-09	
10000.000000	0.000359001	10000.000000	0.000337392	10000.000000	0.000220623	10000.000000	0.000220427	10000.000000	0.000220051	10000.000000	0.000337387	10000.000000	4.50316e-09	
11000.000000	0.000389971	11000.000000	0.000355184	11000.000000	0.000222446	11000.000000	0.000222252	11000.000000	0.000221875	11000.000000	0.000355179	11000.000000	4.11583e-09	
12000.000000	0.000422194	12000.000000	0.000373001	12000.000000	0.000224136	12000.000000	0.000223948	12000.000000	0.00022357	12000.000000	0.000372997	12000.000000	3.79129e-09	
13000.000000	0.000455646	13000.000000	0.000390825	13000.000000	0.000225714	13000.000000	0.000225529	13000.000000	0.00022515	13000.000000	0.000390822	13000.000000	3.51531e-09	
14000.000000	0.00049031	14000.000000	0.000408644	14000.000000	0.000227197	14000.000000	0.000227008	14000.000000	0.000226627	14000.000000	0.000408641	14000.000000	3.27769e-09	
15000.000000	0.000526176	15000.000000	0.000426449	15000.000000	0.000228592	15000.000000	0.000228396	15000.000000	0.000228013	15000.000000	0.000426446	15000.000000	3.07088e-09	
16000.000000	0.000563237	16000.000000	0.000444235	16000.000000	0.000229903	16000.000000	0.000229702	16000.000000	0.000229318	16000.000000	0.000444232	16000.000000	2.88921e-09	
17000.000000	0.000601489	17000.000000	0.000461997	17000.000000	0.000231137	17000.000000	0.000230935	17000.000000	0.000230548	17000.000000	0.000461995	17000.000000	2.72833e-09	
18000.000000	0.00064093	18000.000000	0.000479734	18000.000000	0.000232299	18000.000000	0.000232102	18000.000000	0.000231713	18000.000000	0.000479732	18000.000000	2.58483e-09	
19000.000000	0.000681558	19000.000000	0.000497444	19000.000000	0.000233398	19000.000000	0.000233208	19000.000000	0.000232817	19000.000000	0.000497441	19000.000000	2.45603e-09	
20000.000000	0.000723376	20000.000000	0.000515125	20000.000000	0.00023444	20000.000000	0.00023426	20000.000000	0.000233866	20000.000000	0.000515123	20000.000000	2.33975e-09	
21000.000000	0.000766384	21000.000000	0.000532778	21000.000000	0.000235433	21000.000000	0.000235263	21000.000000	0.000234866	21000.000000	0.000532775	21000.000000	2.23425e-09	
22000.000000	0.000810586	22000.000000	0.000550401	22000.000000	0.000236384	22000.000000	0.00023622	22000.000000	0.000235821	22000.000000	0.000550399	22000.000000	2.13807e-09	
23000.000000	0.000855984	23000.000000	0.000567996	23000.000000	0.000237299	23000.000000	0.000237136	23000.000000	0.000236733	23000.000000	0.000567994	23000.000000	2.05003e-09	
24000.000000	0.000902581	24000.000000	0.000585562	24000.000000	0.000238176	24000.000000	0.000238013	24000.000000	0.000237607	24000.000000	0.00058556	24000.000000	1.96912e-09	
25000.000000	0.000950383	25000.000000	0.0006031 	25000.000000	0.000239014	25000.000000	0.000238854	25000.000000	0.000238446	25000.000000	0.000603098	25000.000000	1.89451e-09	
26000.000000	0.000999393	26000.000000	0.00062061	26000.000000	0.000239821	26000.000000	0.000239663	26000.000000	0.000239251	26000.000000	0.000620608	26000.000000	1.82548e-09	
27000.000000	0.00104962	27000.000000	0.000638092	27000.000000	0.0002406 	27000.000000	0.000240441	27000.000000	0.000240026	27000.000000	0.000638091	27000.000000	1.76143e-09	
28000.000000	0.00110106	28000.000000	0.000655548	28000.000000	0.00024135	28000.000000	0.000241192	28000.000000	0.000240772	28000.000000	0.000655546	28000.000000	1.70182e-09	
29000.000000	0.00115372	29000.000000	0.000672977	29000.000000	0.00024207	29000.000000	0.000241915	29000.000000	0.000241492	29000.000000	0.000672975	29000.000000	1.64622e-09	
30000.000000	0.00120761	30000.000000	0.00069038	30000.000000	0.000242763	30000.000000	0.000242614	30000.000000	0.000242187	30000.000000	0.000690378	30000.000000	1.59422e-09	
32000.000000	0.00131911	32000.000000	0.000725111	32000.000000	0.000244078	32000.000000	0.000243944	32000.000000	0.000243509	32000.000000	0.000725109	32000.000000	1.49971e-09	
34000.000000	0.00143559	34000.000000	0.000759744	34000.000000	0.000245316	34000.000000	0.000245193	34000.000000	0.000244749	34000.000000	0.000759743	34000.000000	1.41603e-09	
36000.000000	0.0015571 	36000.000000	0.000794285	36000.000000	0.000246483	36000.000000	0.000246369	36000.000000	0.000245916	36000.000000	0.000794283	36000.000000	1.3414e-09	
38000.000000	0.00168369	38000.000000	0.000828736	38000.000000	0.000247587	38000.000000	0.00024748	38000.000000	0.000247018	38000.000000	0.000828735	38000.000000	1.27442e-09	
40000.000000	0.00181542	40000.000000	0.000863103	40000.000000	0.000248633	40000.000000	0.000248533	40000.000000	0.00024806	40000.000000	0.000863102	40000.000000	1.21396e-09	
42000.000000	0.00195234	42000.000000	0.000897389	42000.000000	0.000249627	42000.000000	0.000249533	42000.000000	0.00024905	42000.000000	0.000897387	42000.000000	1.15911e-09	
44000.000000	0.0020945 	44000.000000	0.000931596	44000.000000	0.000250573	44000.000000	0.000250486	44000.000000	0.000249992	44000.000000	0.000931595	44000.000000	1.10911e-09	
46000.000000	0.00224196	46000.000000	0.000965728	46000.000000	0.000251476	46000.000000	0.000251396	46000.000000	0.00025089	46000.000000	0.000965727	46000.000000	1.06335e-09	
48000.000000	0.00239476	48000.000000	0.000999789	48000.000000	0.000252338	48000.000000	0.000252266	48000.000000	0.000251748	48000.000000	0.000999788	48000.000000	1.0213e-09	
50000.000000	0.00255298	50000.000000	0.00103378	50000.000000	0.000253163	50000.000000	0.000253099	50000.000000	0.000252568	50000.000000	0.00103378	50000.000000	9.82522e-10	
