! 1H range in H8C8
! apply ZOOM for details
Energy (MeV/u)1	0 - [He-base] F.Hubert et al, AD&ND Tables 46(1990)1	Energy (MeV/u)2	1 - [H -base] J.F.Ziegler et al,Pergamon Press,NY(low energy)	Energy (MeV/u)3	2 - ATIMA 1.2 LS-theory (recommended for high energy)	Energy (MeV/u)4	3 - ATIMA 1.2 without LS-correction	Energy (MeV/u)5	4 - ATIMA 1.4 H.Weick, improved mean charge formula for HI	Energy (MeV/u)6	5 - Range straggling - method [0] - LISE	Energy (MeV/u)7	6 - Range straggling - method [1] - Atima	Energy (MeV/u)8	7 - Lateral range - method [0] - LISE	Energy (MeV/u)9	8 - Lateral range - method [1] - Atima	Energy (MeV/u)10	9 - Lateral range - method [2] - PDG	
0.001000	0.03306   	0.001000	0.03306   	0.001000	0.0260076 	0.001000	0.0260076 	0.001000	0.0260132 	0.001000	0         	0.001000	0         	0.001000	0.000169967	0.001000	0.000303604	0.001000	0.000126049	
0.002000	0.0673047 	0.002000	0.0661199 	0.002000	0.0520153 	0.002000	0.0520153 	0.002000	0.0520263 	0.002000	0.0035151 	0.002000	0.0035151 	0.002000	0.000497703	0.002000	0.000858771	0.002000	0.000392958	
0.005000	0.148084  	0.005000	0.144105  	0.005000	0.117721  	0.005000	0.117721  	0.005000	0.117738  	0.005000	0.00414298	0.005000	0.00414298	0.005000	0.00174767	0.005000	0.00291292	0.005000	0.00145655	
0.008000	0.213927  	0.008000	0.207669  	0.008000	0.174601  	0.008000	0.174601  	0.008000	0.174621  	0.008000	0.00417048	0.008000	0.00417048	0.008000	0.00321159	0.008000	0.005258  	0.008000	0.00274458	
0.010000	0.253259  	0.010000	0.245641  	0.010000	0.209694  	0.010000	0.209694  	0.010000	0.209715  	0.010000	0.00426986	0.010000	0.00426986	0.010000	0.00426182	0.010000	0.00691886	0.010000	0.00368315	
0.015000	0.341776  	0.015000	0.331095  	0.015000	0.290974  	0.015000	0.290974  	0.015000	0.290996  	0.015000	0.00480986	0.015000	0.00480986	0.015000	0.00706957	0.015000	0.0113049 	0.015000	0.00622806	
0.020000	0.420975  	0.020000	0.407554  	0.020000	0.36588   	0.020000	0.36588   	0.020000	0.365903  	0.020000	0.00557426	0.020000	0.00557426	0.020000	0.0100738 	0.020000	0.0159378 	0.020000	0.00898968	
0.025000	0.493924  	0.025000	0.477979  	0.025000	0.43633   	0.025000	0.43633   	0.025000	0.436353  	0.025000	0.00640498	0.025000	0.00640498	0.025000	0.0132275 	0.025000	0.0207552 	0.025000	0.0119179 	
0.030000	0.562367  	0.030000	0.544055  	0.030000	0.503376  	0.030000	0.503376  	0.030000	0.5034    	0.030000	0.00723353	0.030000	0.00723353	0.030000	0.0165012 	0.030000	0.0257185 	0.030000	0.0149809 	
0.035000	0.627421  	0.035000	0.606858  	0.035000	0.567778  	0.035000	0.567778  	0.035000	0.567802  	0.035000	0.0080374 	0.035000	0.0080374 	0.035000	0.0198809 	0.035000	0.0308102 	0.035000	0.0181629 	
0.040000	0.689858  	0.040000	0.667135  	0.040000	0.630132  	0.040000	0.630132  	0.040000	0.630156  	0.040000	0.0088126 	0.040000	0.0088126 	0.040000	0.0233619 	0.040000	0.0360255 	0.040000	0.0214578 	
0.045000	0.750246  	0.045000	0.725433  	0.045000	0.690875  	0.045000	0.690875  	0.045000	0.6909    	0.045000	0.00956068	0.045000	0.00956068	0.045000	0.0269423 	0.045000	0.0413631 	0.045000	0.024863  	
0.050000	0.809016  	0.050000	0.782171  	0.050000	0.750348  	0.050000	0.750348  	0.050000	0.750373  	0.050000	0.010285  	0.050000	0.010799  	0.050000	0.0306177 	0.050000	0.0468164 	0.050000	0.0283777 	
0.055000	0.866513  	0.055000	0.837678  	0.055000	0.808817  	0.055000	0.808817  	0.055000	0.808842  	0.055000	0.0109895 	0.055000	0.0121719 	0.055000	0.0343503 	0.055000	0.0523176 	0.055000	0.0320025 	
0.060000	0.923012  	0.060000	0.892223  	0.060000	0.866501  	0.060000	0.866501  	0.060000	0.866526  	0.060000	0.0116776 	0.060000	0.0134064 	0.060000	0.0381506 	0.060000	0.057886  	0.060000	0.0357392 	
0.070000	1.0339    	0.070000	0.999276  	0.070000	0.980206  	0.070000	0.980206  	0.070000	0.980231  	0.070000	0.0130183 	0.070000	0.0156051 	0.070000	0.0459861 	0.070000	0.06928   	0.070000	0.0425534 	
0.080000	1.14313   	0.080000	1.10473   	0.080000	1.0926    	0.080000	1.0926    	0.080000	1.09262   	0.080000	0.01433   	0.080000	0.0175756 	0.080000	0.0537785 	0.080000	0.0805206 	0.080000	0.0484499 	
0.090000	1.25179   	0.090000	1.20962   	0.090000	1.20453   	0.090000	1.20453   	0.090000	1.20455   	0.090000	0.0156307 	0.090000	0.0194085 	0.090000	0.0606607 	0.090000	0.09039   	0.090000	0.0537491 	
0.100000	1.36068   	0.100000	1.31475   	0.100000	1.31664   	0.100000	1.31664   	0.100000	1.31667   	0.100000	0.0169349 	0.100000	0.0211576 	0.100000	0.0668679 	0.100000	0.0992425 	0.100000	0.0587092 	
0.120000	1.58172   	0.120000	1.52814   	0.120000	1.54341   	0.120000	1.54341   	0.120000	1.54344   	0.120000	0.0195982 	0.120000	0.0245339 	0.120000	0.0782168 	0.120000	0.115297  	0.120000	0.0678075 	
0.140000	1.81012   	0.140000	1.74864   	0.140000	1.77603   	0.140000	1.77603   	0.140000	1.77605   	0.140000	0.0223916 	0.140000	0.02788   	0.140000	0.0886649 	0.140000	0.129926  	0.140000	0.0763843 	
0.160000	2.04845   	0.160000	1.97872   	0.160000	2.01666   	0.160000	2.01666   	0.160000	2.01669   	0.160000	0.0253661 	0.160000	0.031291  	0.160000	0.0986573 	0.160000	0.143786  	0.160000	0.0847068 	
0.180000	2.29846   	0.180000	2.22009   	0.180000	2.26687   	0.180000	2.26687   	0.180000	2.2669    	0.180000	0.0285592 	0.180000	0.034826  	0.180000	0.108465  	0.180000	0.157273  	0.180000	0.09289   	
0.200000	2.56133   	0.200000	2.47386   	0.200000	2.52778   	0.200000	2.52778   	0.200000	2.52781   	0.200000	0.0319985 	0.200000	0.0385261 	0.200000	0.118184  	0.200000	0.170528  	0.200000	0.101123  	
0.250000	3.27915   	0.250000	3.16685   	0.250000	3.23175   	0.250000	3.23175   	0.250000	3.23178   	0.250000	0.0417908 	0.250000	0.0486538 	0.250000	0.142866  	0.250000	0.203775  	0.250000	0.122202  	
0.300000	4.08719   	0.300000	3.94693   	0.300000	4.01471   	0.300000	4.01471   	0.300000	4.01474   	0.300000	0.0533976 	0.300000	0.0602493 	0.300000	0.168606  	0.300000	0.237895  	0.300000	0.14453   	
0.350000	4.98577   	0.350000	4.81442   	0.350000	4.87912   	0.350000	4.87912   	0.350000	4.87915   	0.350000	0.0668412 	0.350000	0.0741668 	0.350000	0.195889  	0.350000	0.273583  	0.350000	0.168356  	
0.400000	5.97282   	0.400000	5.76733   	0.400000	5.82478   	0.400000	5.82478   	0.400000	5.8248    	0.400000	0.0820676 	0.400000	0.090195  	0.400000	0.224854  	0.400000	0.31104   	0.400000	0.193817  	
0.450000	7.04542   	0.450000	6.80282   	0.450000	6.8501    	0.450000	6.8501    	0.450000	6.85013   	0.450000	0.09899   	0.450000	0.107937  	0.450000	0.255497  	0.450000	0.350254  	0.450000	0.220987  	
0.500000	8.20047   	0.500000	7.9179    	0.500000	7.95297   	0.500000	7.95297   	0.500000	7.953     	0.500000	0.117515  	0.500000	0.127114  	0.500000	0.287893  	0.500000	0.391348  	0.500000	0.249775  	
0.600000	10.7465   	0.600000	10.3759   	0.600000	10.3822   	0.600000	10.3822   	0.600000	10.3822   	0.600000	0.159027  	0.600000	0.169022  	0.600000	0.357732  	0.600000	0.47889   	0.600000	0.312235  	
0.700000	13.5912   	0.700000	13.1222   	0.700000	13.0953   	0.700000	13.0953   	0.700000	13.0954   	0.700000	0.20603   	0.700000	0.214862  	0.700000	0.433998  	0.700000	0.573199  	0.700000	0.380906  	
0.800000	16.7196   	0.800000	16.1423   	0.800000	16.0782   	0.800000	16.0782   	0.800000	16.0782   	0.800000	0.25812   	0.800000	0.264042  	0.800000	0.516385  	0.800000	0.673895  	0.800000	0.455502  	
0.900000	20.1203   	0.900000	19.4254   	0.900000	19.3195   	0.900000	19.3195   	0.900000	19.3195   	0.900000	0.315024  	0.900000	0.316215  	0.900000	0.604703  	0.900000	0.780761  	0.900000	0.535742  	
1.000000	23.7848   	1.000000	22.9631   	1.000000	22.8103   	1.000000	22.8103   	1.000000	22.8103   	1.000000	0.376558  	1.000000	0.371168  	1.000000	0.698669  	1.000000	0.893427  	1.000000	0.621479  	
1.250000	34.0588   	1.250000	32.8816   	1.250000	32.5856   	1.250000	32.5856   	1.250000	32.5856   	1.250000	0.549899  	1.250000	0.519923  	1.250000	0.957463  	1.250000	1.19947   	1.250000	0.858678  	
1.500000	45.8668   	1.500000	44.2811   	1.500000	43.7989   	1.500000	43.7989   	1.500000	43.7989   	1.500000	0.75027   	1.500000	0.684102  	1.500000	1.24891   	1.500000	1.53847   	1.500000	1.12735   	
1.750000	59.1593   	1.750000	57.1137   	1.750000	56.3972   	1.750000	56.3972   	1.750000	56.3972   	1.750000	0.977059  	1.750000	0.863115  	1.750000	1.57185   	1.750000	1.90893   	1.750000	1.42634   	
2.000000	73.9004   	2.000000	71.3448   	2.000000	70.342    	2.000000	70.342    	2.000000	70.3421   	2.000000	1.22989   	2.000000	1.05658   	2.000000	1.92546   	2.000000	2.30973   	2.000000	1.75484   	
2.250000	90.0619   	2.250000	86.9472   	2.250000	85.6037   	2.250000	85.6037   	2.250000	85.6037   	2.250000	1.5085    	2.250000	1.26423   	2.250000	2.30907   	2.250000	2.73997   	2.250000	2.11231   	
2.500000	107.619   	2.500000	103.899   	2.500000	102.158   	2.500000	102.158   	2.500000	102.158   	2.500000	1.81267   	2.500000	1.48582   	2.500000	2.72198   	2.500000	3.19864   	2.500000	2.49825   	
3.000000	145.361   	3.000000	141.777   	3.000000	139.067   	3.000000	139.067   	3.000000	139.067   	3.000000	2.49699   	3.000000	1.97017   	3.000000	3.6348    	3.000000	4.20002   	3.000000	3.35053   	
3.500000	188.159   	3.500000	184.857   	3.500000	180.938   	3.500000	180.938   	3.500000	180.938   	3.500000	3.28165   	3.500000	2.50828   	3.500000	4.66068   	3.500000	5.30938   	3.500000	4.3069    	
4.000000	235.905   	4.000000	233.04    	4.000000	227.667   	4.000000	227.667   	4.000000	227.667   	4.000000	4.16564   	4.000000	3.09899   	4.000000	5.79146   	4.000000	6.5163    	4.000000	5.37115   	
4.500000	288.505   	4.500000	286.246   	4.500000	279.168   	4.500000	279.168   	4.500000	279.168   	4.500000	5.1481    	4.500000	3.74127   	4.500000	7.03265   	4.500000	7.82721   	4.500000	6.54174   	
5.000000	345.88    	5.000000	344.405   	5.000000	335.37    	5.000000	335.37    	5.000000	335.37    	5.000000	6.2283    	5.000000	4.43423   	5.000000	8.38284   	5.000000	9.23987   	5.000000	7.81736   	
5.500000	407.959   	5.500000	407.459   	5.500000	396.209   	5.500000	396.209   	5.500000	396.209   	5.500000	7.40555   	5.500000	5.17708   	5.500000	9.84082   	5.500000	10.7524   	5.500000	9.19694   	
6.000000	474.678   	6.000000	475.355   	6.000000	461.632   	6.000000	461.632   	6.000000	461.632   	6.000000	8.67928   	6.000000	5.96911   	6.000000	11.4056   	6.000000	12.3632   	6.000000	10.6795   	
6.500000	545.979   	6.500000	548.045   	6.500000	531.588   	6.500000	531.588   	6.500000	531.588   	6.500000	10.049    	6.500000	6.80968   	6.500000	13.0762   	6.500000	14.0708   	6.500000	12.2643   	
7.000000	621.808   	7.000000	625.487   	7.000000	606.034   	7.000000	606.034   	7.000000	606.034   	7.000000	11.5141   	7.000000	7.69821   	7.000000	14.8518   	7.000000	15.8738   	7.000000	13.9504   	
7.500000	702.117   	7.500000	707.644   	7.500000	684.93    	7.500000	684.93    	7.500000	684.93    	7.500000	13.0742   	7.500000	8.63416   	7.500000	16.7318   	7.500000	17.7712   	7.500000	15.7374   	
8.000000	786.859   	8.000000	794.478   	8.000000	768.239   	8.000000	768.239   	8.000000	768.239   	8.000000	14.729    	8.000000	9.61707   	8.000000	18.7154   	8.000000	19.7618   	8.000000	17.6245   	
8.500000	875.992   	8.500000	885.959   	8.500000	855.928   	8.500000	855.928   	8.500000	855.928   	8.500000	16.4779   	8.500000	10.6466   	8.500000	20.8021   	8.500000	21.8447   	8.500000	19.6113   	
9.000000	969.476   	9.000000	982.056   	9.000000	947.965   	9.000000	947.965   	9.000000	947.965   	9.000000	18.3208   	9.000000	11.7223   	9.000000	22.9913   	9.000000	24.019    	9.000000	21.6972   	
9.500000	1067.27   	9.500000	1082.74   	9.500000	1044.32   	9.500000	1044.32   	9.500000	1044.32   	9.500000	20.2572   	9.500000	12.8436   	9.500000	25.2825   	9.500000	26.2839   	9.500000	23.8818   	
10.000000	1169.35   	10.000000	1187.85   	10.000000	1144.97   	10.000000	1144.97   	10.000000	1144.97   	10.000000	22.2869   	10.000000	14.0099   	10.000000	27.6752   	10.000000	28.6386   	10.000000	26.1647   	
11.000000	1386.19   	11.000000	1403.04   	11.000000	1359.15   	11.000000	1359.15   	11.000000	1359.19   	11.000000	26.6331   	11.000000	16.4811   	11.000000	32.7678   	11.000000	33.6185   	11.000000	31.0277   	
12.000000	1619.74   	12.000000	1634.69   	12.000000	1590.42   	12.000000	1590.42   	12.000000	1590.56   	12.000000	31.3635   	12.000000	19.1383   	12.000000	38.2698   	12.000000	38.9571   	12.000000	36.2874   	
13.000000	1869.77   	13.000000	1882.61   	13.000000	1838.58   	13.000000	1838.58   	13.000000	1838.91   	13.000000	36.4734   	13.000000	21.9775   	13.000000	44.1781   	13.000000	44.6497   	13.000000	41.9409   	
14.000000	2136.06   	14.000000	2146.62   	14.000000	2103.46   	14.000000	2103.45   	14.000000	2104.05   	14.000000	41.9587   	14.000000	24.994    	14.000000	50.4895   	14.000000	50.6913   	14.000000	47.9854   	
15.000000	2418.41   	15.000000	2426.54   	15.000000	2384.86   	15.000000	2384.85   	15.000000	2385.81   	15.000000	47.8151   	15.000000	28.1861   	15.000000	57.2009   	15.000000	57.0774   	15.000000	54.4182   	
16.000000	2716.62   	16.000000	2722.21   	16.000000	2682.62   	16.000000	2682.61   	16.000000	2684.02   	16.000000	54.0382   	16.000000	31.551    	16.000000	64.3088   	16.000000	63.8036   	16.000000	61.2361   	
17.000000	3030.51   	17.000000	3033.48   	17.000000	2996.53   	17.000000	2996.53   	17.000000	2998.49   	17.000000	60.6236   	17.000000	35.0842   	17.000000	71.8097   	17.000000	70.8651   	17.000000	68.4361   	
18.000000	3359.92   	18.000000	3360.2    	18.000000	3326.42   	18.000000	3326.45   	18.000000	3329.06   	18.000000	67.5663   	18.000000	38.7818   	18.000000	79.6999   	18.000000	78.2574   	18.000000	76.0149   	
19.000000	3704.67   	19.000000	3702.22   	19.000000	3672.12   	19.000000	3672.17   	19.000000	3675.55   	19.000000	74.8615   	19.000000	42.6412   	19.000000	87.9754   	19.000000	85.9758   	19.000000	83.9688   	
20.000000	4064.63   	20.000000	4059.4    	20.000000	4033.45   	20.000000	4033.52   	20.000000	4037.78   	20.000000	82.5037   	20.000000	46.659    	20.000000	96.6322   	20.000000	94.0157   	20.000000	92.2941   	
21.000000	4439.62   	21.000000	4431.63   	21.000000	4410.2    	21.000000	4410.31   	21.000000	4415.58   	21.000000	90.4875   	21.000000	50.8319   	21.000000	105.666   	21.000000	102.372   	21.000000	100.987   	
22.000000	4829.53   	22.000000	4818.77   	22.000000	4802.21   	22.000000	4802.35   	22.000000	4808.75   	22.000000	98.8071   	22.000000	55.1569   	22.000000	115.072   	22.000000	111.041   	22.000000	110.044   	
23.000000	5234.2    	23.000000	5220.71   	23.000000	5209.28   	23.000000	5209.45   	23.000000	5217.12   	23.000000	107.456   	23.000000	59.6305   	23.000000	124.846   	23.000000	120.016   	23.000000	119.46    	
24.000000	5653.52   	24.000000	5637.32   	24.000000	5631.21   	24.000000	5631.43   	24.000000	5640.49   	24.000000	116.429   	24.000000	64.2485   	24.000000	134.983   	24.000000	129.294   	24.000000	129.23    	
25.000000	6087.35   	25.000000	6068.49   	25.000000	6067.78   	25.000000	6068.07   	25.000000	6078.67   	25.000000	125.719   	25.000000	69.0059   	25.000000	145.478   	25.000000	138.869   	25.000000	139.351   	
27.000000	6998.05   	27.000000	6974.09   	27.000000	6984.07   	27.000000	6984.58   	27.000000	6998.67   	27.000000	145.221   	27.000000	78.9256   	27.000000	167.521   	27.000000	158.888   	27.000000	160.625   	
29.000000	7965.4    	29.000000	7936.65   	29.000000	7956.57   	29.000000	7957.33   	29.000000	7975.53   	29.000000	165.906   	29.000000	89.3676   	29.000000	190.931   	29.000000	180.034   	29.000000	183.241   	
31.000000	8988.52   	31.000000	8955.39   	31.000000	8983.86   	31.000000	8984.92   	31.000000	9007.79   	31.000000	187.728   	31.000000	100.308   	31.000000	215.668   	31.000000	202.266   	31.000000	207.161   	
33.000000	10066.6   	33.000000	10029.5   	33.000000	10066.2   	33.000000	10067.6   	33.000000	10095.4   	33.000000	210.72    	33.000000	111.756   	33.000000	241.732   	33.000000	225.583   	33.000000	232.389   	
35.000000	11198.8   	35.000000	11158.4   	35.000000	11203.2   	35.000000	11204.9   	35.000000	11237.7   	35.000000	234.876   	35.000000	123.711   	35.000000	269.109   	35.000000	249.968   	35.000000	258.911   	
38.000000	12997.1   	38.000000	12952.7   	38.000000	13009.3   	38.000000	13011.6   	38.000000	13052.3   	38.000000	273.261   	38.000000	142.586   	38.000000	312.596   	38.000000	288.51    	38.000000	301.088   	
41.000000	14913.3   	41.000000	14866.2   	41.000000	14934.3   	41.000000	14937.3   	41.000000	14986.4   	41.000000	314.178   	41.000000	162.552   	41.000000	358.936   	41.000000	329.362   	41.000000	346.093   	
44.000000	16945.1   	44.000000	16897     	44.000000	16976.1   	44.000000	16980     	44.000000	17037.7   	44.000000	357.576   	44.000000	183.587   	44.000000	408.076   	44.000000	372.47    	44.000000	393.88    	
47.000000	19090.5   	47.000000	19042.9   	47.000000	19132.9   	47.000000	19137.7   	47.000000	19204.4   	47.000000	403.404   	47.000000	205.668   	47.000000	459.964   	47.000000	417.787   	47.000000	444.403   	
50.000000	21347.5   	50.000000	21302     	50.000000	21402.8   	50.000000	21408.5   	50.000000	21484.4   	50.000000	451.614   	50.000000	228.773   	50.000000	514.548   	50.000000	465.269   	50.000000	497.622   	
55.000000	25352.3   	55.000000	25314     	55.000000	25432.3   	55.000000	25439.7   	55.000000	25531.9   	55.000000	537.125   	55.000000	269.502   	55.000000	611.39    	55.000000	549.101   	55.000000	592.202   	
60.000000	29654.2   	60.000000	29627.5   	60.000000	29763.3   	60.000000	29772.4   	60.000000	29881.7   	60.000000	628.905   	60.000000	312.934   	60.000000	715.384   	60.000000	638.645   	60.000000	693.982   	
65.000000	34245.6   	65.000000	34235.1   	65.000000	34387.9   	65.000000	34399.3   	65.000000	34526.6   	65.000000	726.751   	65.000000	358.944   	65.000000	826.334   	65.000000	733.735   	65.000000	802.798   	
70.000000	39119.8   	70.000000	39129.7   	70.000000	39299.7   	70.000000	39313.7   	70.000000	39459.6   	70.000000	830.468   	70.000000	407.481   	70.000000	944.052   	70.000000	834.214   	70.000000	918.495   	
75.000000	44270.3   	75.000000	44304.5   	75.000000	44492.3   	75.000000	44509     	75.000000	44674.4   	75.000000	939.872   	75.000000	458.425   	75.000000	1068.36   	75.000000	939.935   	75.000000	1040.92   	
80.000000	49691     	80.000000	49753.2   	80.000000	49959.5   	80.000000	49979     	80.000000	50164.7   	80.000000	1054.78   	80.000000	511.742   	80.000000	1199.09   	80.000000	1050.76   	80.000000	1169.94   	
85.000000	55376.4   	85.000000	55469.7   	85.000000	55695.6   	85.000000	55718     	85.000000	55924.7   	85.000000	1175.03   	85.000000	567.373   	85.000000	1336.07   	85.000000	1166.57   	85.000000	1305.42   	
90.000000	61321     	90.000000	61448.2   	90.000000	61694.9   	90.000000	61720.4   	90.000000	61948.6   	90.000000	1300.45   	90.000000	625.222   	90.000000	1479.15   	90.000000	1287.23   	90.000000	1447.22   	
95.000000	67519.8   	95.000000	67683.2   	95.000000	67951.7   	95.000000	67980.7   	95.000000	68231.3   	95.000000	1430.89   	95.000000	685.196   	95.000000	1628.18   	95.000000	1412.62   	95.000000	1595.22   	
100.000000	73968     	100.000000	74169.3   	100.000000	74460.7   	100.000000	74493.8   	100.000000	74767.4   	100.000000	1566.19   	100.000000	747.247   	100.000000	1783.02   	100.000000	1542.64   	100.000000	1749.3    	
105.000000	80660.9   	105.000000	80901.3   	105.000000	81217.5   	105.000000	81254.9   	105.000000	81552     	105.000000	1706.2    	105.000000	811.361   	105.000000	1943.51   	105.000000	1677.19   	105.000000	1909.34   	
110.000000	87594.2   	110.000000	87874.3   	110.000000	88217.2   	110.000000	88258.9   	110.000000	88580.2   	110.000000	1850.78   	110.000000	877.485   	110.000000	2109.53   	110.000000	1816.15   	110.000000	2075.24   	
115.000000	94763.7   	115.000000	95083.6   	115.000000	95455.3   	115.000000	95501.5   	115.000000	95847.6   	115.000000	1999.8    	115.000000	945.558   	115.000000	2280.95   	115.000000	1959.42   	115.000000	2246.87   	
120.000000	102165    	120.000000	102525    	120.000000	102927    	120.000000	102978    	120.000000	103349    	120.000000	2153.12   	120.000000	1015.48   	120.000000	2457.63   	120.000000	2106.92   	120.000000	2424.14   	
125.000000	109795    	125.000000	110193    	125.000000	110629    	125.000000	110684    	125.000000	111082    	125.000000	2310.61   	125.000000	1087.21   	125.000000	2639.46   	125.000000	2258.56   	125.000000	2606.94   	
130.000000	117650    	130.000000	118084    	130.000000	118556    	130.000000	118616    	130.000000	119040    	130.000000	2472.15   	130.000000	1160.76   	130.000000	2826.3    	130.000000	2414.24   	130.000000	2795.17   	
135.000000	125726    	135.000000	126194    	135.000000	126704    	135.000000	126769    	135.000000	127220    	135.000000	2637.62   	135.000000	1236.08   	135.000000	3018.06   	135.000000	2573.88   	135.000000	2988.74   	
140.000000	134019    	140.000000	134518    	140.000000	135069    	140.000000	135139    	140.000000	135618    	140.000000	2806.91   	140.000000	1313.09   	140.000000	3214.61   	140.000000	2737.4    	140.000000	3187.54   	
145.000000	142527    	145.000000	143054    	145.000000	143647    	145.000000	143724    	145.000000	144230    	145.000000	2979.89   	145.000000	1391.75   	145.000000	3415.84   	145.000000	2904.72   	145.000000	3391.48   	
150.000000	151246    	150.000000	151796    	150.000000	152435    	150.000000	152518    	150.000000	153052    	150.000000	3156.46   	150.000000	1472.02   	150.000000	3621.64   	150.000000	3075.75   	150.000000	3600.48   	
155.000000	160203    	155.000000	160742    	155.000000	161429    	155.000000	161518    	155.000000	162082    	155.000000	3336.52   	155.000000	1553.89   	155.000000	3831.92   	155.000000	3250.44   	155.000000	3814.45   	
160.000000	169356    	160.000000	169888    	160.000000	170625    	160.000000	170721    	160.000000	171314    	160.000000	3519.95   	160.000000	1637.3    	160.000000	4046.57   	160.000000	3428.7    	160.000000	4033.29   	
165.000000	178700    	165.000000	179230    	165.000000	180021    	165.000000	180123    	165.000000	180746    	165.000000	3706.67   	165.000000	1722.24   	165.000000	4265.49   	165.000000	3610.46   	165.000000	4256.93   	
170.000000	188232    	170.000000	188765    	170.000000	189612    	170.000000	189721    	170.000000	190375    	170.000000	3896.57   	170.000000	1808.65   	170.000000	4488.58   	170.000000	3795.65   	170.000000	4485.29   	
175.000000	197949    	175.000000	198489    	175.000000	199396    	175.000000	199512    	175.000000	200196    	175.000000	4089.56   	175.000000	1896.45   	175.000000	4715.76   	175.000000	3984.22   	175.000000	4718.27   	
180.000000	207847    	180.000000	208400    	180.000000	209369    	180.000000	209493    	180.000000	210208    	180.000000	4285.55   	180.000000	1985.66   	180.000000	4946.93   	180.000000	4176.08   	180.000000	4955.81   	
185.000000	217923    	185.000000	218494    	185.000000	219529    	185.000000	219659    	185.000000	220406    	185.000000	4484.44   	185.000000	2076.27   	185.000000	5181.99   	185.000000	4371.19   	185.000000	5197.82   	
190.000000	228175    	190.000000	228768    	190.000000	229872    	190.000000	230009    	190.000000	230788    	190.000000	4686.16   	190.000000	2168.21   	190.000000	5420.88   	190.000000	4569.47   	190.000000	5444.24   	
195.000000	238600    	195.000000	239220    	195.000000	240395    	195.000000	240540    	195.000000	241351    	195.000000	4890.62   	195.000000	2261.44   	195.000000	5663.49   	195.000000	4770.87   	195.000000	5694.98   	
200.000000	249194    	200.000000	249846    	200.000000	251095    	200.000000	251248    	200.000000	252091    	200.000000	5097.74   	200.000000	2355.98   	200.000000	5909.75   	200.000000	4975.33   	200.000000	5949.98   	
210.000000	270883    	210.000000	271610    	210.000000	273016    	210.000000	273184    	210.000000	274094    	210.000000	5519.63   	210.000000	2548.88   	210.000000	6412.89   	210.000000	5393.19   	210.000000	6472.46   	
220.000000	293221    	220.000000	294038    	220.000000	295611    	220.000000	295798    	220.000000	296775    	220.000000	5951.23   	220.000000	2746.54   	220.000000	6929.67   	220.000000	5822.61   	220.000000	7011.12   	
230.000000	316188    	230.000000	317110    	230.000000	318861    	230.000000	319066    	230.000000	320113    	230.000000	6391.96   	230.000000	2948.79   	230.000000	7459.51   	230.000000	6263.19   	230.000000	7565.45   	
240.000000	339766    	240.000000	340806    	240.000000	342746    	240.000000	342971    	240.000000	344088    	240.000000	6841.28   	240.000000	3155.46   	240.000000	8001.83   	240.000000	6714.49   	240.000000	8134.93   	
250.000000	363936    	250.000000	365106    	250.000000	367247    	250.000000	367491    	250.000000	368680    	250.000000	7298.69   	250.000000	3366.39   	250.000000	8556.1    	250.000000	7176.16   	250.000000	8719.07   	
260.000000	388682    	260.000000	389994    	260.000000	392345    	260.000000	392609    	260.000000	393871    	260.000000	7763.68   	260.000000	3581.44   	260.000000	9121.79   	260.000000	7647.81   	260.000000	9317.41   	
270.000000	413988    	270.000000	415450    	270.000000	418023    	270.000000	418308    	270.000000	419643    	270.000000	8235.8    	270.000000	3800.45   	270.000000	9698.43   	270.000000	8129.1    	270.000000	9929.49   	
280.000000	439837    	280.000000	441459    	280.000000	444263    	280.000000	444569    	280.000000	445979    	280.000000	8714.62   	280.000000	4023.33   	280.000000	10285.5   	280.000000	8619.67   	280.000000	10554.9   	
290.000000	466216    	290.000000	468004    	290.000000	471050    	290.000000	471376    	290.000000	472863    	290.000000	9199.72   	290.000000	4249.79   	290.000000	10882.6   	290.000000	9119.22   	290.000000	11193.1   	
300.000000	493109    	300.000000	495071    	300.000000	498367    	300.000000	498715    	300.000000	500279    	300.000000	9690.71   	300.000000	4479.66   	300.000000	11489.3   	300.000000	9627.43   	300.000000	11843.9   	
310.000000	520504    	310.000000	522643    	310.000000	526197    	310.000000	526569    	310.000000	528211    	310.000000	10187.2   	310.000000	4712.98   	310.000000	12105.2   	310.000000	10144     	310.000000	12506.7   	
320.000000	548386    	320.000000	550708    	320.000000	554526    	320.000000	554924    	320.000000	556645    	320.000000	10688.9   	320.000000	4949.57   	320.000000	12729.8   	320.000000	10668.6   	320.000000	13181.3   	
330.000000	576743    	330.000000	579251    	330.000000	583343    	330.000000	583766    	330.000000	585566    	330.000000	11195.4   	330.000000	5189.16   	330.000000	13362.8   	330.000000	11201.1   	330.000000	13867.2   	
340.000000	605562    	340.000000	608260    	340.000000	612632    	340.000000	613081    	340.000000	614962    	340.000000	11706.4   	340.000000	5431.69   	340.000000	14003.9   	340.000000	11741     	340.000000	14564.1   	
350.000000	634832    	350.000000	637721    	350.000000	642381    	350.000000	642857    	350.000000	644819    	350.000000	12221.6   	350.000000	5677.24   	350.000000	14652.6   	350.000000	12288.3   	350.000000	15271.6   	
360.000000	664542    	360.000000	667622    	360.000000	672578    	360.000000	673081    	360.000000	675125    	360.000000	12740.7   	360.000000	5925.74   	360.000000	15308.7   	360.000000	12842.5   	360.000000	15989.5   	
370.000000	694680    	370.000000	697952    	370.000000	703211    	370.000000	703741    	370.000000	705868    	370.000000	13263.6   	370.000000	6177.01   	370.000000	15971.9   	370.000000	13403.6   	370.000000	16717.4   	
380.000000	725235    	380.000000	728698    	380.000000	734271    	380.000000	734828    	380.000000	737039    	380.000000	13790     	380.000000	6430.93   	380.000000	16641.9   	380.000000	13971.3   	380.000000	17455.1   	
390.000000	756198    	390.000000	759851    	390.000000	765747    	390.000000	766331    	390.000000	768626    	390.000000	14319.7   	390.000000	6687.44   	390.000000	17318.3   	390.000000	14545.4   	390.000000	18202.3   	
400.000000	787558    	400.000000	791399    	400.000000	797627    	400.000000	798239    	400.000000	800619    	400.000000	14852.5   	400.000000	6946.52   	400.000000	18001.1   	400.000000	15125.7   	400.000000	18958.7   	
410.000000	819306    	410.000000	823332    	410.000000	829900    	410.000000	830541    	410.000000	833006    	410.000000	15388.1   	410.000000	7208.06   	410.000000	18689.7   	410.000000	15711.9   	410.000000	19724     	
420.000000	851432    	420.000000	855640    	420.000000	862557    	420.000000	863226    	420.000000	865778    	420.000000	15926.3   	420.000000	7471.89   	420.000000	19384.1   	420.000000	16304     	420.000000	20498     	
430.000000	883927    	430.000000	888314    	430.000000	895588    	430.000000	896285    	430.000000	898924    	430.000000	16466.9   	430.000000	7737.85   	430.000000	20083.9   	430.000000	16901.7   	430.000000	21280.4   	
440.000000	916783    	440.000000	921344    	440.000000	928982    	440.000000	929709    	440.000000	932435    	440.000000	17009.7   	440.000000	8005.94   	440.000000	20789     	440.000000	17504.7   	440.000000	22070.9   	
450.000000	949991    	450.000000	954721    	450.000000	962732    	450.000000	963487    	450.000000	966301    	450.000000	17554.6   	450.000000	8276.22   	450.000000	21499     	450.000000	18113     	450.000000	22869.4   	
460.000000	983542    	460.000000	988437    	460.000000	996827    	460.000000	997612    	460.000000	1.00051e+06	460.000000	18101.3   	460.000000	8548.68   	460.000000	22213.7   	460.000000	18726.4   	460.000000	23675.4   	
470.000000	1.01743e+06	470.000000	1.02248e+06	470.000000	1.03126e+06	470.000000	1.03207e+06	470.000000	1.03506e+06	470.000000	18649.6   	470.000000	8823.26   	470.000000	22933     	470.000000	19344.6   	470.000000	24489     	
480.000000	1.05164e+06	480.000000	1.05685e+06	480.000000	1.06601e+06	480.000000	1.06686e+06	480.000000	1.06994e+06	480.000000	19199.5   	480.000000	9099.83   	480.000000	23656.7   	480.000000	19967.6   	480.000000	25309.7   	
490.000000	1.08618e+06	490.000000	1.09153e+06	490.000000	1.10109e+06	490.000000	1.10197e+06	490.000000	1.10515e+06	490.000000	19750.8   	490.000000	9378.22   	490.000000	24384.4   	490.000000	20595.1   	490.000000	26137.4   	
500.000000	1.12103e+06	500.000000	1.12652e+06	500.000000	1.13648e+06	500.000000	1.1374e+06	500.000000	1.14066e+06	500.000000	20303.3   	500.000000	9658.37   	500.000000	25116.1   	500.000000	21227.1   	500.000000	26971.9   	
520.000000	1.19163e+06	520.000000	1.19738e+06	520.000000	1.20816e+06	520.000000	1.20915e+06	520.000000	1.2126e+06	520.000000	21411.3   	520.000000	10224.1   	520.000000	26590.6   	520.000000	22503.6   	520.000000	28660.4   	
540.000000	1.26341e+06	540.000000	1.26938e+06	540.000000	1.28101e+06	540.000000	1.28207e+06	540.000000	1.28569e+06	540.000000	22522.7   	540.000000	10796.8   	540.000000	28078.8   	540.000000	23796.1   	540.000000	30373.6   	
560.000000	1.33629e+06	560.000000	1.34247e+06	560.000000	1.35496e+06	560.000000	1.35609e+06	560.000000	1.3599e+06	560.000000	23636.5   	560.000000	11375.9   	560.000000	29579.3   	560.000000	25103.6   	560.000000	32110     	
580.000000	1.41025e+06	580.000000	1.41658e+06	580.000000	1.42996e+06	580.000000	1.43116e+06	580.000000	1.43516e+06	580.000000	24751.7   	580.000000	11960.8   	580.000000	31091     	580.000000	26424.9   	580.000000	33868.3   	
600.000000	1.48522e+06	600.000000	1.49168e+06	600.000000	1.50596e+06	600.000000	1.50724e+06	600.000000	1.51142e+06	600.000000	25867.7   	600.000000	12551.4   	600.000000	32612.8   	600.000000	27759.2   	600.000000	35647.2   	
620.000000	1.56117e+06	620.000000	1.56772e+06	620.000000	1.58292e+06	620.000000	1.58427e+06	620.000000	1.58864e+06	620.000000	26983.8   	620.000000	13147.5   	620.000000	34143.5   	620.000000	29105.6   	620.000000	37445.3   	
640.000000	1.63806e+06	640.000000	1.64466e+06	640.000000	1.66079e+06	640.000000	1.66221e+06	640.000000	1.66678e+06	640.000000	28099.4   	640.000000	13748.7   	640.000000	35682.4   	640.000000	30463.2   	640.000000	39261.6   	
660.000000	1.71583e+06	660.000000	1.72244e+06	660.000000	1.73954e+06	660.000000	1.74103e+06	660.000000	1.74579e+06	660.000000	29213.8   	660.000000	14354.8   	660.000000	37228.3   	660.000000	31831.4   	660.000000	41094.9   	
680.000000	1.79445e+06	680.000000	1.80105e+06	680.000000	1.81911e+06	680.000000	1.82068e+06	680.000000	1.82563e+06	680.000000	30326.5   	680.000000	14965.7   	680.000000	38780.6   	680.000000	33209.3   	680.000000	42944.1   	
700.000000	1.8739e+06	700.000000	1.88043e+06	700.000000	1.89948e+06	700.000000	1.90112e+06	700.000000	1.90626e+06	700.000000	31437.2   	700.000000	15581.2   	700.000000	40338.5   	700.000000	34596.2   	700.000000	44808.4   	
720.000000	1.95412e+06	720.000000	1.96056e+06	720.000000	1.9806e+06	720.000000	1.98232e+06	720.000000	1.98766e+06	720.000000	32545.3   	720.000000	16201.1   	720.000000	41901.2   	720.000000	35991.6   	720.000000	46686.6   	
740.000000	2.03509e+06	740.000000	2.04139e+06	740.000000	2.06244e+06	740.000000	2.06425e+06	740.000000	2.06978e+06	740.000000	33650.5   	740.000000	16825.2   	740.000000	43468.1   	740.000000	37394.8   	740.000000	48578     	
760.000000	2.11677e+06	760.000000	2.12291e+06	760.000000	2.14497e+06	760.000000	2.14687e+06	760.000000	2.1526e+06	760.000000	34752.4   	760.000000	17453.1   	760.000000	45038.5   	760.000000	38805.2   	760.000000	50481.6   	
780.000000	2.19914e+06	780.000000	2.20507e+06	780.000000	2.22817e+06	780.000000	2.23015e+06	780.000000	2.23607e+06	780.000000	35850.8   	780.000000	18084.5   	780.000000	46611.9   	780.000000	40222.2   	780.000000	52396.8   	
800.000000	2.28217e+06	800.000000	2.28785e+06	800.000000	2.312e+06 	800.000000	2.31407e+06	800.000000	2.32019e+06	800.000000	36945.3   	800.000000	18719.3   	800.000000	48187.6   	800.000000	41645.4   	800.000000	54322.7   	
820.000000	2.36582e+06	820.000000	2.37123e+06	820.000000	2.39644e+06	820.000000	2.39859e+06	820.000000	2.40491e+06	820.000000	38035.7   	820.000000	19357.7   	820.000000	49765.3   	820.000000	43074.3   	820.000000	56258.6   	
840.000000	2.45007e+06	840.000000	2.45517e+06	840.000000	2.48146e+06	840.000000	2.4837e+06	840.000000	2.49022e+06	840.000000	39121.9   	840.000000	19999.8   	840.000000	51344.5   	840.000000	44508.3   	840.000000	58203.9   	
860.000000	2.53489e+06	860.000000	2.53965e+06	860.000000	2.56704e+06	860.000000	2.56936e+06	860.000000	2.57608e+06	860.000000	40203.5   	860.000000	20645.3   	860.000000	52924.6   	860.000000	45947.1   	860.000000	60157.9   	
880.000000	2.62026e+06	880.000000	2.62464e+06	880.000000	2.65315e+06	880.000000	2.65556e+06	880.000000	2.66248e+06	880.000000	41280.4   	880.000000	21294.2   	880.000000	54505.3   	880.000000	47390.2   	880.000000	62119.9   	
900.000000	2.70616e+06	900.000000	2.71013e+06	900.000000	2.73977e+06	900.000000	2.74227e+06	900.000000	2.74939e+06	900.000000	42352.5   	900.000000	21946.2   	900.000000	56086.3   	900.000000	48837.3   	900.000000	64089.4   	
920.000000	2.79255e+06	920.000000	2.79609e+06	920.000000	2.82688e+06	920.000000	2.82947e+06	920.000000	2.83679e+06	920.000000	43419.6   	920.000000	22601.1   	920.000000	57667.1   	920.000000	50288     	920.000000	66065.9   	
940.000000	2.87943e+06	940.000000	2.88251e+06	940.000000	2.91446e+06	940.000000	2.91714e+06	940.000000	2.92465e+06	940.000000	44481.6   	940.000000	23258.6   	940.000000	59247.4   	940.000000	51741.9   	940.000000	68048.7   	
960.000000	2.96676e+06	960.000000	2.96935e+06	960.000000	3.00249e+06	960.000000	3.00526e+06	960.000000	3.01297e+06	960.000000	45538.3   	960.000000	23918.8   	960.000000	60826.9   	960.000000	53198.6   	960.000000	70037.5   	
980.000000	3.05454e+06	980.000000	3.0566e+06	980.000000	3.09095e+06	980.000000	3.09381e+06	980.000000	3.10173e+06	980.000000	46589.8   	980.000000	24581.4   	980.000000	62405.4   	980.000000	54658     	980.000000	72031.8   	
1000.000000	3.14272e+06	1000.000000	3.14425e+06	1000.000000	3.17983e+06	1000.000000	3.18277e+06	1000.000000	3.19089e+06	1000.000000	47635.9   	1000.000000	25246.6   	1000.000000	63982.5   	1000.000000	56119.6   	1000.000000	74031     	
1020.000000	3.23131e+06	1020.000000	3.23227e+06	1020.000000	3.2691e+06	1020.000000	3.27214e+06	1020.000000	3.28046e+06	1020.000000	48676.5   	1020.000000	25914.1   	1020.000000	65558     	1020.000000	57583.2   	1020.000000	76034.7   	
1040.000000	3.32028e+06	1040.000000	3.32065e+06	1040.000000	3.35875e+06	1040.000000	3.36188e+06	1040.000000	3.3704e+06	1040.000000	49711.5   	1040.000000	26584.1   	1040.000000	67131.7   	1040.000000	59048.5   	1040.000000	78042.7   	
1060.000000	3.40961e+06	1060.000000	3.40938e+06	1060.000000	3.44877e+06	1060.000000	3.45199e+06	1060.000000	3.46072e+06	1060.000000	50741     	1060.000000	27256.4   	1060.000000	68703.3   	1060.000000	60515.3   	1060.000000	80054.4   	
1080.000000	3.49929e+06	1080.000000	3.49843e+06	1080.000000	3.53915e+06	1080.000000	3.54245e+06	1080.000000	3.55138e+06	1080.000000	51764.9   	1080.000000	27930.9   	1080.000000	70272.7   	1080.000000	61983.3   	1080.000000	82069.4   	
1100.000000	3.58929e+06	1100.000000	3.58779e+06	1100.000000	3.62985e+06	1100.000000	3.63325e+06	1100.000000	3.64238e+06	1100.000000	52783.2   	1100.000000	28607.6   	1100.000000	71839.7   	1100.000000	63452.2   	1100.000000	84087.5   	
1120.000000	3.67961e+06	1120.000000	3.67745e+06	1120.000000	3.72089e+06	1120.000000	3.72438e+06	1120.000000	3.73371e+06	1120.000000	53795.8   	1120.000000	29286.5   	1120.000000	73404     	1120.000000	64922     	1120.000000	86108.4   	
1140.000000	3.77023e+06	1140.000000	3.76739e+06	1140.000000	3.81223e+06	1140.000000	3.81581e+06	1140.000000	3.82535e+06	1140.000000	54802.7   	1140.000000	29967.6   	1140.000000	74965.6   	1140.000000	66392.3   	1140.000000	88131.6   	
1160.000000	3.86113e+06	1160.000000	3.8576e+06	1160.000000	3.90387e+06	1160.000000	3.90755e+06	1160.000000	3.91728e+06	1160.000000	55803.9   	1160.000000	30650.6   	1160.000000	76524.2   	1160.000000	67863     	1160.000000	90156.9   	
1180.000000	3.9523e+06	1180.000000	3.94807e+06	1180.000000	3.9958e+06	1180.000000	3.99957e+06	1180.000000	4.00951e+06	1180.000000	56799.5   	1180.000000	31335.8   	1180.000000	78079.8   	1180.000000	69333.9   	1180.000000	92183.9   	
1200.000000	4.04372e+06	1200.000000	4.03878e+06	1200.000000	4.08801e+06	1200.000000	4.09187e+06	1200.000000	4.10201e+06	1200.000000	57789.3   	1200.000000	32022.9   	1200.000000	79632.2   	1200.000000	70804.8   	1200.000000	94212.5   	
1220.000000	4.13539e+06	1220.000000	4.12973e+06	1220.000000	4.18048e+06	1220.000000	4.18443e+06	1220.000000	4.19477e+06	1220.000000	58773.4   	1220.000000	32712     	1220.000000	81181.2   	1220.000000	72275.5   	1220.000000	96242.4   	
1240.000000	4.22729e+06	1240.000000	4.2209e+06	1240.000000	4.27321e+06	1240.000000	4.27725e+06	1240.000000	4.28779e+06	1240.000000	59751.8   	1240.000000	33403     	1240.000000	82726.9   	1240.000000	73745.9   	1240.000000	98273.3   	
1260.000000	4.3194e+06	1260.000000	4.31228e+06	1260.000000	4.36618e+06	1260.000000	4.37031e+06	1260.000000	4.38106e+06	1260.000000	60724.6   	1260.000000	34095.9   	1260.000000	84268.9   	1260.000000	75215.9   	1260.000000	100305    	
1280.000000	4.41172e+06	1280.000000	4.40385e+06	1280.000000	4.45939e+06	1280.000000	4.46361e+06	1280.000000	4.47456e+06	1280.000000	61691.7   	1280.000000	34790.6   	1280.000000	85807.4   	1280.000000	76685.2   	1280.000000	102337    	
1300.000000	4.50423e+06	1300.000000	4.49562e+06	1300.000000	4.55282e+06	1300.000000	4.55713e+06	1300.000000	4.56829e+06	1300.000000	62653.2   	1300.000000	35487.2   	1300.000000	87342.1   	1300.000000	78153.8   	1300.000000	104370    	
1320.000000	4.59693e+06	1320.000000	4.58757e+06	1320.000000	4.64647e+06	1320.000000	4.65087e+06	1320.000000	4.66223e+06	1320.000000	63609.1   	1320.000000	36185.6   	1320.000000	88873.1   	1320.000000	79621.5   	1320.000000	106402    	
1340.000000	4.6898e+06	1340.000000	4.67969e+06	1340.000000	4.74033e+06	1340.000000	4.74483e+06	1340.000000	4.75638e+06	1340.000000	64559.4   	1340.000000	36885.7   	1340.000000	90400.2   	1340.000000	81088.2   	1340.000000	108435    	
1360.000000	4.78282e+06	1360.000000	4.77197e+06	1360.000000	4.83438e+06	1360.000000	4.83898e+06	1360.000000	4.85074e+06	1360.000000	65504.1   	1360.000000	37587.6   	1360.000000	91923.3   	1360.000000	82553.7   	1360.000000	110467    	
1380.000000	4.876e+06 	1380.000000	4.8644e+06	1380.000000	4.92863e+06	1380.000000	4.93332e+06	1380.000000	4.94529e+06	1380.000000	66443.3   	1380.000000	38291.3   	1380.000000	93442.4   	1380.000000	84018.1   	1380.000000	112499    	
1400.000000	4.96932e+06	1400.000000	4.95698e+06	1400.000000	5.02306e+06	1400.000000	5.02785e+06	1400.000000	5.04002e+06	1400.000000	67377     	1400.000000	38996.6   	1400.000000	94957.4   	1400.000000	85481.1   	1400.000000	114530    	
1420.000000	5.06278e+06	1420.000000	5.04969e+06	1420.000000	5.11767e+06	1420.000000	5.12256e+06	1420.000000	5.13493e+06	1420.000000	68305.2   	1420.000000	39703.6   	1420.000000	96468.3   	1420.000000	86942.7   	1420.000000	116561    	
1440.000000	5.15635e+06	1440.000000	5.14253e+06	1440.000000	5.21245e+06	1440.000000	5.21744e+06	1440.000000	5.23001e+06	1440.000000	69228     	1440.000000	40412.2   	1440.000000	97975.1   	1440.000000	88402.7   	1440.000000	118590    	
1460.000000	5.25004e+06	1460.000000	5.23549e+06	1460.000000	5.3074e+06	1460.000000	5.31249e+06	1460.000000	5.32526e+06	1460.000000	70145.4   	1460.000000	41122.5   	1460.000000	99477.7   	1460.000000	89861.2   	1460.000000	120619    	
1480.000000	5.34383e+06	1480.000000	5.32856e+06	1480.000000	5.4025e+06	1480.000000	5.40769e+06	1480.000000	5.42067e+06	1480.000000	71057.5   	1480.000000	41834.3   	1480.000000	100976    	1480.000000	91317.9   	1480.000000	122646    	
1500.000000	5.43772e+06	1500.000000	5.42174e+06	1500.000000	5.49775e+06	1500.000000	5.50305e+06	1500.000000	5.51623e+06	1500.000000	71964.2   	1500.000000	42547.8   	1500.000000	102470    	1500.000000	92772.9   	1500.000000	124672    	
1520.000000	5.5317e+06	1520.000000	5.51501e+06	1520.000000	5.59315e+06	1520.000000	5.59855e+06	1520.000000	5.61193e+06	1520.000000	72865.7   	1520.000000	43262.8   	1520.000000	103960    	1520.000000	94226     	1520.000000	126696    	
1540.000000	5.62576e+06	1540.000000	5.60838e+06	1540.000000	5.68869e+06	1540.000000	5.69419e+06	1540.000000	5.70778e+06	1540.000000	73761.9   	1540.000000	43979.3   	1540.000000	105445    	1540.000000	95677.1   	1540.000000	128719    	
1560.000000	5.7199e+06	1560.000000	5.70184e+06	1560.000000	5.78437e+06	1560.000000	5.78997e+06	1560.000000	5.80376e+06	1560.000000	74652.9   	1560.000000	44697.4   	1560.000000	106926    	1560.000000	97126.3   	1560.000000	130740    	
1580.000000	5.8141e+06	1580.000000	5.79537e+06	1580.000000	5.88017e+06	1580.000000	5.88588e+06	1580.000000	5.89987e+06	1580.000000	75538.8   	1580.000000	45417     	1580.000000	108403    	1580.000000	98573.4   	1580.000000	132759    	
1600.000000	5.90835e+06	1600.000000	5.88898e+06	1600.000000	5.97611e+06	1600.000000	5.98192e+06	1600.000000	5.9961e+06	1600.000000	76419.6   	1600.000000	46138.2   	1600.000000	109875    	1600.000000	100018    	1600.000000	134777    	
1620.000000	6.00267e+06	1620.000000	5.98265e+06	1620.000000	6.07216e+06	1620.000000	6.07807e+06	1620.000000	6.09246e+06	1620.000000	77295.3   	1620.000000	46860.8   	1620.000000	111342    	1620.000000	101461    	1620.000000	136792    	
1640.000000	6.09702e+06	1640.000000	6.07639e+06	1640.000000	6.16833e+06	1640.000000	6.17434e+06	1640.000000	6.18893e+06	1640.000000	78166     	1640.000000	47585     	1640.000000	112806    	1640.000000	102902    	1640.000000	138805    	
1660.000000	6.19142e+06	1660.000000	6.17018e+06	1660.000000	6.2646e+06	1660.000000	6.27072e+06	1660.000000	6.28551e+06	1660.000000	79031.8   	1660.000000	48310.6   	1660.000000	114265    	1660.000000	104340    	1660.000000	140817    	
1680.000000	6.28584e+06	1680.000000	6.26402e+06	1680.000000	6.36099e+06	1680.000000	6.3672e+06	1680.000000	6.3822e+06	1680.000000	79892.6   	1680.000000	49037.8   	1680.000000	115719    	1680.000000	105776    	1680.000000	142825    	
1700.000000	6.3803e+06	1700.000000	6.35791e+06	1700.000000	6.45748e+06	1700.000000	6.46379e+06	1700.000000	6.47899e+06	1700.000000	80748.5   	1700.000000	49766.4   	1700.000000	117169    	1700.000000	107210    	1700.000000	144832    	
1750.000000	6.61651e+06	1750.000000	6.5928e+06	1750.000000	6.69911e+06	1750.000000	6.70568e+06	1750.000000	6.72138e+06	1750.000000	82867.2   	1750.000000	51594     	1750.000000	120774    	1750.000000	110783    	1750.000000	149837    	
1800.000000	6.85276e+06	1800.000000	6.82787e+06	1800.000000	6.9413e+06	1800.000000	6.94813e+06	1800.000000	6.96433e+06	1800.000000	84956.4   	1800.000000	53430.2   	1800.000000	124351    	1800.000000	114340    	1800.000000	154825    	
1850.000000	7.08898e+06	1850.000000	7.06306e+06	1850.000000	7.18399e+06	1850.000000	7.19107e+06	1850.000000	7.20777e+06	1850.000000	87016.7   	1850.000000	55274.4   	1850.000000	127900    	1850.000000	117882    	1850.000000	159797    	
1900.000000	7.32508e+06	1900.000000	7.29831e+06	1900.000000	7.42712e+06	1900.000000	7.43446e+06	1900.000000	7.45166e+06	1900.000000	89048.8   	1900.000000	57126.3   	1900.000000	131422    	1900.000000	121406    	1900.000000	164750    	
1950.000000	7.561e+06 	1950.000000	7.53355e+06	1950.000000	7.67066e+06	1950.000000	7.67825e+06	1950.000000	7.69594e+06	1950.000000	91053.5   	1950.000000	58985.6   	1950.000000	134915    	1950.000000	124913    	1950.000000	169684    	
2000.000000	7.79667e+06	2000.000000	7.76874e+06	2000.000000	7.91455e+06	2000.000000	7.9224e+06	2000.000000	7.94059e+06	2000.000000	93031.4   	2000.000000	60852.3   	2000.000000	138381    	2000.000000	128403    	2000.000000	174598    	
2100.000000	8.26704e+06	2100.000000	8.23874e+06	2100.000000	8.40327e+06	2100.000000	8.41162e+06	2100.000000	8.4308e+06	2100.000000	96909.4   	2100.000000	64608.5   	2100.000000	145231    	2100.000000	135329    	2100.000000	184365    	
2200.000000	8.73575e+06	2200.000000	8.70798e+06	2200.000000	8.89298e+06	2200.000000	8.90184e+06	2200.000000	8.92201e+06	2200.000000	100688    	2200.000000	68395.7   	2200.000000	151974    	2200.000000	142183    	2200.000000	194048    	
2300.000000	9.20244e+06	2300.000000	9.17615e+06	2300.000000	9.38348e+06	2300.000000	9.39283e+06	2300.000000	9.41398e+06	2300.000000	104372    	2300.000000	72213.8   	2300.000000	158611    	2300.000000	148964    	2300.000000	203644    	
2400.000000	9.66679e+06	2400.000000	9.64299e+06	2400.000000	9.87454e+06	2400.000000	9.8844e+06	2400.000000	9.90653e+06	2400.000000	107966    	2400.000000	76061.7   	2400.000000	165145    	2400.000000	155670    	2400.000000	213151    	
2500.000000	1.01285e+07	2500.000000	1.01083e+07	2500.000000	1.0366e+07	2500.000000	1.03764e+07	2500.000000	1.03995e+07	2500.000000	111475    	2500.000000	79937.9   	2500.000000	171579    	2500.000000	162303    	2500.000000	222568    	
2600.000000	1.05874e+07	2600.000000	1.05718e+07	2600.000000	1.08577e+07	2600.000000	1.08686e+07	2600.000000	1.08926e+07	2600.000000	114903    	2600.000000	83841.2   	2600.000000	177916    	2600.000000	168862    	2600.000000	231894    	
2700.000000	1.10433e+07	2700.000000	1.10335e+07	2700.000000	1.13496e+07	2700.000000	1.13609e+07	2700.000000	1.13859e+07	2700.000000	118253    	2700.000000	87771     	2700.000000	184158    	2700.000000	175348    	2700.000000	241128    	
2800.000000	1.14959e+07	2800.000000	1.14931e+07	2800.000000	1.18414e+07	2800.000000	1.18533e+07	2800.000000	1.18793e+07	2800.000000	121529    	2800.000000	91727     	2800.000000	190307    	2800.000000	181761    	2800.000000	250272    	
2900.000000	1.19452e+07	2900.000000	1.19505e+07	2900.000000	1.23332e+07	2900.000000	1.23456e+07	2900.000000	1.23725e+07	2900.000000	124735    	2900.000000	95709.3   	2900.000000	196367    	2900.000000	188103    	2900.000000	259326    	
3000.000000	1.23911e+07	3000.000000	1.24057e+07	3000.000000	1.28249e+07	3000.000000	1.28377e+07	3000.000000	1.28656e+07	3000.000000	127874    	3000.000000	99718.1   	3000.000000	202340    	3000.000000	194374    	3000.000000	268290    	
3200.000000	1.32719e+07	3200.000000	1.33089e+07	3200.000000	1.38074e+07	3200.000000	1.38213e+07	3200.000000	1.3851e+07	3200.000000	133962    	3200.000000	107815    	3200.000000	214035    	3200.000000	206708    	3200.000000	285952    	
3400.000000	1.41378e+07	3400.000000	1.42023e+07	3400.000000	1.47887e+07	3400.000000	1.48035e+07	3400.000000	1.48351e+07	3400.000000	139817    	3400.000000	116017    	3400.000000	225413    	3400.000000	218773    	3400.000000	303268    	
3600.000000	1.49885e+07	3600.000000	1.50853e+07	3600.000000	1.57683e+07	3600.000000	1.57841e+07	3600.000000	1.58176e+07	3600.000000	145456    	3600.000000	124322    	3600.000000	236491    	3600.000000	230579    	3600.000000	320246    	
3800.000000	1.58237e+07	3800.000000	1.59578e+07	3800.000000	1.67461e+07	3800.000000	1.67628e+07	3800.000000	1.67981e+07	3800.000000	150899    	3800.000000	132726    	3800.000000	247288    	3800.000000	242135    	3800.000000	336899    	
4000.000000	1.66433e+07	4000.000000	1.68196e+07	4000.000000	1.77217e+07	4000.000000	1.77394e+07	4000.000000	1.77765e+07	4000.000000	156159    	4000.000000	141227    	4000.000000	257819    	4000.000000	253453    	4000.000000	353237    	
4200.000000	1.74473e+07	4200.000000	1.76706e+07	4200.000000	1.86952e+07	4200.000000	1.87138e+07	4200.000000	1.87528e+07	4200.000000	161252    	4200.000000	149822    	4200.000000	268099    	4200.000000	264540    	4200.000000	369271    	
4400.000000	1.82358e+07	4400.000000	1.8511e+07	4400.000000	1.96665e+07	4400.000000	1.9686e+07	4400.000000	1.97267e+07	4400.000000	166188    	4400.000000	158510    	4400.000000	278142    	4400.000000	275407    	4400.000000	385012    	
4600.000000	1.9009e+07	4600.000000	1.93406e+07	4600.000000	2.06354e+07	4600.000000	2.06558e+07	4600.000000	2.06984e+07	4600.000000	170980    	4600.000000	167288    	4600.000000	287961    	4600.000000	286063    	4600.000000	400472    	
4800.000000	1.97671e+07	4800.000000	2.01596e+07	4800.000000	2.16019e+07	4800.000000	2.16233e+07	4800.000000	2.16676e+07	4800.000000	175636    	4800.000000	176156    	4800.000000	297568    	4800.000000	296517    	4800.000000	415662    	
5000.000000	2.05102e+07	5000.000000	2.09681e+07	5000.000000	2.25661e+07	5000.000000	2.25884e+07	5000.000000	2.26344e+07	5000.000000	180167    	5000.000000	185113    	5000.000000	306973    	5000.000000	306776    	5000.000000	430590    	
5250.000000	2.14187e+07	5250.000000	2.19641e+07	5250.000000	2.3768e+07	5250.000000	2.37914e+07	5250.000000	2.38396e+07	5250.000000	185664    	5250.000000	196431    	5250.000000	318462    	5250.000000	319340    	5250.000000	448899    	
5500.000000	2.23049e+07	5500.000000	2.29442e+07	5500.000000	2.49661e+07	5500.000000	2.49907e+07	5500.000000	2.5041e+07	5500.000000	190992    	5500.000000	207883    	5500.000000	329670    	5500.000000	331627    	5500.000000	466834    	
6000.000000	2.40128e+07	6000.000000	2.48579e+07	6000.000000	2.73516e+07	6000.000000	2.73783e+07	6000.000000	2.74329e+07	6000.000000	201183    	6000.000000	231183    	6000.000000	351309    	6000.000000	355426    	6000.000000	501652    	
6500.000000	2.56389e+07	6500.000000	2.67121e+07	6500.000000	2.97228e+07	6500.000000	2.97517e+07	6500.000000	2.98105e+07	6500.000000	210827    	6500.000000	254996    	6500.000000	372008    	6500.000000	378271    	6500.000000	535170    	
7000.000000	2.7188e+07	7000.000000	2.85094e+07	7000.000000	3.20803e+07	7000.000000	3.21114e+07	7000.000000	3.21744e+07	7000.000000	219991    	7000.000000	279307    	7000.000000	391863    	7000.000000	400249    	7000.000000	567499    	
7500.000000	2.8665e+07	7500.000000	3.02528e+07	7500.000000	3.44248e+07	7500.000000	3.4458e+07	7500.000000	3.45251e+07	7500.000000	228732    	7500.000000	304102    	7500.000000	410958    	7500.000000	421434    	7500.000000	598738    	
8000.000000	3.00743e+07	8000.000000	3.19451e+07	8000.000000	3.67568e+07	8000.000000	3.67922e+07	8000.000000	3.68633e+07	8000.000000	237097    	8000.000000	329369    	8000.000000	429365    	8000.000000	441894    	8000.000000	628975    	
8500.000000	3.14204e+07	8500.000000	3.35888e+07	8500.000000	3.9077e+07	8500.000000	3.91144e+07	8500.000000	3.91895e+07	8500.000000	245126    	8500.000000	355094    	8500.000000	447144    	8500.000000	461685    	8500.000000	658285    	
9000.000000	3.27072e+07	9000.000000	3.51866e+07	9000.000000	4.13859e+07	9000.000000	4.14253e+07	9000.000000	4.15044e+07	9000.000000	252850    	9000.000000	381266    	9000.000000	464349    	9000.000000	480859    	9000.000000	686739    	
9500.000000	3.39385e+07	9500.000000	3.67407e+07	9500.000000	4.36839e+07	9500.000000	4.37254e+07	9500.000000	4.38084e+07	9500.000000	260300    	9500.000000	407874    	9500.000000	481025    	9500.000000	499461    	9500.000000	714396    	
10000.000000	3.51176e+07	10000.000000	3.82535e+07	10000.000000	4.59717e+07	10000.000000	4.60152e+07	10000.000000	4.61021e+07	10000.000000	267498    	10000.000000	434906    	10000.000000	497215    	10000.000000	517533    	10000.000000	741312    	
11000.000000	3.73323e+07	11000.000000	4.11629e+07	11000.000000	5.05183e+07	11000.000000	5.05658e+07	11000.000000	5.06604e+07	11000.000000	281224    	11000.000000	490207    	11000.000000	528272    	11000.000000	552225    	11000.000000	793112    	
12000.000000	3.9374e+07	12000.000000	4.393e+07 	12000.000000	5.50292e+07	12000.000000	5.50806e+07	12000.000000	5.51827e+07	12000.000000	294168    	12000.000000	547113    	12000.000000	557762    	12000.000000	585184    	12000.000000	842477    	
13000.000000	4.12625e+07	13000.000000	4.6568e+07	13000.000000	5.95073e+07	13000.000000	5.95624e+07	13000.000000	5.9672e+07	13000.000000	306439    	13000.000000	605559    	13000.000000	585879    	13000.000000	616613    	13000.000000	889683    	
14000.000000	4.30145e+07	14000.000000	4.90882e+07	14000.000000	6.39551e+07	14000.000000	6.40139e+07	14000.000000	6.4131e+07	14000.000000	318123    	14000.000000	665462    	14000.000000	612783    	14000.000000	646679    	14000.000000	934962    	
15000.000000	4.46444e+07	15000.000000	5.1501e+07	15000.000000	6.83747e+07	15000.000000	6.84375e+07	15000.000000	6.85618e+07	15000.000000	329292    	15000.000000	726748    	15000.000000	638605    	15000.000000	675524    	15000.000000	978509    	
16000.000000	4.61647e+07	16000.000000	5.3815e+07	16000.000000	7.2768e+07	16000.000000	7.2835e+07	16000.000000	7.29666e+07	16000.000000	340002    	16000.000000	789365    	16000.000000	663454    	16000.000000	703267    	16000.000000	1.02049e+06	
17000.000000	4.75863e+07	17000.000000	5.60383e+07	17000.000000	7.7137e+07	17000.000000	7.72083e+07	17000.000000	7.73471e+07	17000.000000	350302    	17000.000000	853279    	17000.000000	687422    	17000.000000	730008    	17000.000000	1.06104e+06	
18000.000000	4.89186e+07	18000.000000	5.81778e+07	18000.000000	8.14835e+07	18000.000000	8.1559e+07	18000.000000	8.17049e+07	18000.000000	360232    	18000.000000	918465    	18000.000000	710590    	18000.000000	755836    	18000.000000	1.10029e+06	
19000.000000	5.01698e+07	19000.000000	6.02396e+07	19000.000000	8.58089e+07	19000.000000	8.58884e+07	19000.000000	8.60414e+07	19000.000000	369827    	19000.000000	984898    	19000.000000	733025    	19000.000000	780827    	19000.000000	1.13834e+06	
20000.000000	5.13473e+07	20000.000000	6.22293e+07	20000.000000	9.01146e+07	20000.000000	9.01978e+07	20000.000000	9.03578e+07	20000.000000	379115    	20000.000000	1.05255e+06	20000.000000	754788    	20000.000000	805047    	20000.000000	1.17528e+06	
21000.000000	5.24573e+07	21000.000000	6.4152e+07	21000.000000	9.44018e+07	21000.000000	9.44884e+07	21000.000000	9.46554e+07	21000.000000	388124    	21000.000000	1.12141e+06	21000.000000	775928    	21000.000000	828554    	21000.000000	1.2112e+06	
22000.000000	5.35057e+07	22000.000000	6.6012e+07	22000.000000	9.86714e+07	22000.000000	9.87611e+07	22000.000000	9.89352e+07	22000.000000	396874    	22000.000000	1.19142e+06	22000.000000	796494    	22000.000000	851401    	22000.000000	1.24617e+06	
23000.000000	5.44974e+07	23000.000000	6.78134e+07	23000.000000	1.02924e+08	23000.000000	1.03017e+08	23000.000000	1.03198e+08	23000.000000	405385    	23000.000000	1.26258e+06	23000.000000	816525    	23000.000000	873632    	23000.000000	1.28026e+06	
24000.000000	5.54369e+07	24000.000000	6.95599e+07	24000.000000	1.07161e+08	24000.000000	1.07257e+08	24000.000000	1.07445e+08	24000.000000	413676    	24000.000000	1.33485e+06	24000.000000	836057    	24000.000000	895290    	24000.000000	1.31351e+06	
25000.000000	5.63283e+07	25000.000000	7.12548e+07	25000.000000	1.11382e+08	25000.000000	1.11481e+08	25000.000000	1.11676e+08	25000.000000	421760    	25000.000000	1.40816e+06	25000.000000	855122    	25000.000000	916409    	25000.000000	1.34599e+06	
26000.000000	5.71752e+07	26000.000000	7.29012e+07	26000.000000	1.15589e+08	26000.000000	1.15691e+08	26000.000000	1.15893e+08	26000.000000	429652    	26000.000000	1.48244e+06	26000.000000	873749    	26000.000000	937025    	26000.000000	1.37774e+06	
27000.000000	5.79809e+07	27000.000000	7.45018e+07	27000.000000	1.19782e+08	27000.000000	1.19887e+08	27000.000000	1.20096e+08	27000.000000	437365    	27000.000000	1.55772e+06	27000.000000	891965    	27000.000000	957166    	27000.000000	1.4088e+06	
28000.000000	5.87482e+07	28000.000000	7.60592e+07	28000.000000	1.23962e+08	28000.000000	1.2407e+08	28000.000000	1.24286e+08	28000.000000	444908    	28000.000000	1.63402e+06	28000.000000	909793    	28000.000000	976860    	28000.000000	1.43921e+06	
29000.000000	5.94799e+07	29000.000000	7.75756e+07	29000.000000	1.28129e+08	29000.000000	1.2824e+08	29000.000000	1.28462e+08	29000.000000	452293    	29000.000000	1.71133e+06	29000.000000	927254    	29000.000000	996131    	29000.000000	1.46901e+06	
30000.000000	6.01784e+07	30000.000000	7.90533e+07	30000.000000	1.32283e+08	30000.000000	1.32398e+08	30000.000000	1.32627e+08	30000.000000	459527    	30000.000000	1.78963e+06	30000.000000	944368    	30000.000000	1.015e+06 	30000.000000	1.49823e+06	
32000.000000	6.14844e+07	32000.000000	8.19003e+07	32000.000000	1.40559e+08	32000.000000	1.40678e+08	32000.000000	1.40921e+08	32000.000000	473579    	32000.000000	1.94908e+06	32000.000000	977627    	32000.000000	1.05163e+06	32000.000000	1.55504e+06	
34000.000000	6.26816e+07	34000.000000	8.46142e+07	34000.000000	1.4879e+08	34000.000000	1.48915e+08	34000.000000	1.49172e+08	34000.000000	487122    	34000.000000	2.11216e+06	34000.000000	1.0097e+06	34000.000000	1.08688e+06	34000.000000	1.60984e+06	
36000.000000	6.37829e+07	36000.000000	8.72073e+07	36000.000000	1.56982e+08	36000.000000	1.57112e+08	36000.000000	1.57383e+08	36000.000000	500205    	36000.000000	2.27868e+06	36000.000000	1.04068e+06	36000.000000	1.12089e+06	36000.000000	1.66283e+06	
38000.000000	6.47994e+07	38000.000000	8.96902e+07	38000.000000	1.65136e+08	38000.000000	1.6527e+08	38000.000000	1.65555e+08	38000.000000	512869    	38000.000000	2.44853e+06	38000.000000	1.07068e+06	38000.000000	1.15376e+06	38000.000000	1.71415e+06	
40000.000000	6.57403e+07	40000.000000	9.2072e+07	40000.000000	1.73254e+08	40000.000000	1.73393e+08	40000.000000	1.73692e+08	40000.000000	525151    	40000.000000	2.62162e+06	40000.000000	1.09977e+06	40000.000000	1.18559e+06	40000.000000	1.76394e+06	
42000.000000	6.66136e+07	42000.000000	9.43609e+07	42000.000000	1.81339e+08	42000.000000	1.81482e+08	42000.000000	1.81795e+08	42000.000000	537081    	42000.000000	2.79789e+06	42000.000000	1.12803e+06	42000.000000	1.21645e+06	42000.000000	1.81231e+06	
44000.000000	6.74263e+07	44000.000000	9.6564e+07	44000.000000	1.89393e+08	44000.000000	1.8954e+08	44000.000000	1.89867e+08	44000.000000	548686    	44000.000000	2.97727e+06	44000.000000	1.1555e+06	44000.000000	1.24642e+06	44000.000000	1.85937e+06	
46000.000000	6.81844e+07	46000.000000	9.86878e+07	46000.000000	1.97417e+08	46000.000000	1.97568e+08	46000.000000	1.97909e+08	46000.000000	559991    	46000.000000	3.15972e+06	46000.000000	1.18226e+06	46000.000000	1.27557e+06	46000.000000	1.9052e+06	
48000.000000	6.8893e+07	48000.000000	1.00738e+08	48000.000000	2.05412e+08	48000.000000	2.05567e+08	48000.000000	2.05923e+08	48000.000000	571017    	48000.000000	3.34518e+06	48000.000000	1.20834e+06	48000.000000	1.30394e+06	48000.000000	1.9499e+06	
50000.000000	6.95568e+07	50000.000000	1.02719e+08	50000.000000	2.13382e+08	50000.000000	2.1354e+08	50000.000000	2.13911e+08	50000.000000	581783    	50000.000000	3.53356e+06	50000.000000	1.23379e+06	50000.000000	1.33159e+06	50000.000000	1.99353e+06	
